#1	 42.6781	 -0.1855	 1.0000	 -0.6288	 1.0000	 0.8018	 8.5390
#2	 17.9788	 0.3197	 1.0000	 -1.1763	 1.0000	 0.7891	 8.4665
#3	 14.6880	 0.3033	 1.0000	 -1.1392	 1.0000	 0.8053	 8.4031
#4	 24.3604	 0.1480	 1.0000	 -1.0149	 1.0000	 0.7352	 8.6448
#5	 13.9404	 0.4775	 1.0000	 -1.3086	 1.0000	 0.8095	 8.4224
#6	 15.9508	 0.4766	 1.0000	 -1.3126	 1.0000	 0.8109	 8.4511
#7	 27.9137	 0.2443	 1.0000	 -1.0753	 1.0000	 0.7809	 8.6114
#8	 13.0489	 0.4888	 1.0000	 -1.3741	 1.0000	 0.7639	 8.5816
#9	 24.5886	 0.2831	 1.0000	 -1.1283	 1.0000	 0.8006	 8.4535
#10	 4.1378	 0.4677	 1.0000	 -1.3496	 1.0000	 0.7890	 8.4225
#11	 19.0367	 0.3361	 1.0000	 -1.1890	 1.0000	 0.7872	 8.5160
#12	 12.3559	 0.4029	 1.0000	 -1.2511	 1.0000	 0.7946	 8.5104
#13	 31.6687	 0.1394	 1.0000	 -0.9768	 1.0000	 0.7690	 8.6370
#14	 30.6556	 0.3051	 1.0000	 -1.1251	 1.0000	 0.7551	 8.6175
#15	 14.9833	 0.4698	 1.0000	 -1.3128	 1.0000	 0.7861	 8.3730
#16	 32.5373	 0.1286	 1.0000	 -0.9565	 1.0000	 0.7780	 8.5876
#17	 27.1843	 0.0614	 1.0000	 -0.9182	 1.0000	 0.8110	 8.4274
#18	 12.1111	 0.4427	 1.0000	 -1.2810	 1.0000	 0.7934	 8.4103
#19	 44.4629	 -0.0953	 1.0000	 -0.7056	 1.0000	 0.7831	 8.5135
#20	 32.9803	 0.2864	 1.0000	 -1.1023	 1.0000	 0.7856	 8.4838
#21	 21.4190	 0.3845	 1.0000	 -1.2463	 1.0000	 0.7637	 8.5754
#22	 10.9110	 0.6755	 1.0000	 -1.5190	 1.0000	 0.8032	 8.4800
#23	 20.4265	 0.1166	 1.0000	 -0.9839	 1.0000	 0.7783	 8.4927
#24	 28.2243	 0.2659	 1.0000	 -1.0939	 1.0000	 0.7826	 8.6120
#25	 8.3642	 0.5628	 1.0000	 -1.4131	 1.0000	 0.8302	 8.4444
#26	 29.2579	 -0.0626	 1.0000	 -0.7992	 1.0000	 0.7944	 8.5402
#27	 38.5457	 0.0311	 1.0000	 -0.8356	 1.0000	 0.7506	 8.5778
#28	 30.4219	 0.1783	 1.0000	 -0.9954	 1.0000	 0.7739	 8.6048
#29	 16.7167	 0.2837	 1.0000	 -1.1165	 1.0000	 0.8100	 8.4093
#30	 20.8985	 0.2880	 1.0000	 -1.1440	 1.0000	 0.7804	 8.4857
#31	 30.4558	 0.2513	 1.0000	 -1.0718	 1.0000	 0.7971	 8.5799
#32	 25.7881	 0.2460	 1.0000	 -1.1053	 1.0000	 0.7716	 8.4730
#33	 27.1592	 0.2591	 1.0000	 -1.0694	 1.0000	 0.8090	 8.4175
#34	 56.2196	 -0.1570	 1.0000	 -0.6322	 1.0000	 0.7612	 8.4508
#35	 27.6599	 0.2350	 1.0000	 -1.0508	 1.0000	 0.7945	 8.5091
#36	 11.1877	 0.3532	 1.0000	 -1.2240	 1.0000	 0.8169	 8.3397
#37	 28.6278	 0.1530	 1.0000	 -1.0200	 1.0000	 0.8044	 8.4824
#38	 5.6277	 0.5679	 1.0000	 -1.4312	 1.0000	 0.8318	 8.3906
#39	 -8.5275	 0.8711	 1.0000	 -1.7157	 1.0000	 0.8213	 8.3870
#40	 21.6814	 0.0817	 1.0000	 -0.9667	 1.0000	 0.8335	 8.2708
#41	 9.1928	 0.4889	 1.0000	 -1.3917	 1.0000	 0.7330	 8.6726
#42	 15.3604	 0.4056	 1.0000	 -1.2403	 1.0000	 0.8194	 8.4518
#43	 25.5626	 0.1167	 1.0000	 -0.9626	 1.0000	 0.7716	 8.4989
#44	 22.1630	 0.1570	 1.0000	 -0.9962	 1.0000	 0.8179	 8.4327
#45	 27.0002	 0.1796	 1.0000	 -1.0361	 1.0000	 0.7935	 8.4784
#46	 -17.9168	 1.0122	 1.0000	 -1.9062	 1.0000	 0.8284	 8.3989
#47	 46.5780	 -0.0290	 1.0000	 -0.7724	 1.0000	 0.7936	 8.5558
#48	 38.9631	 0.0061	 1.0000	 -0.8327	 1.0000	 0.7613	 8.5755
#49	 18.7690	 0.2573	 1.0000	 -1.1378	 1.0000	 0.7727	 8.5014
#50	 9.0499	 0.6726	 1.0000	 -1.5096	 1.0000	 0.7542	 8.6164
#51	 34.1741	 0.3223	 1.0000	 -1.1382	 1.0000	 0.7792	 8.5169
#52	 25.1122	 0.1608	 1.0000	 -1.0251	 1.0000	 0.7866	 8.4674
#53	 17.6130	 0.2142	 1.0000	 -1.0509	 1.0000	 0.7580	 8.5463
#54	 15.4503	 0.5506	 1.0000	 -1.4124	 1.0000	 0.8065	 8.4466
#55	 25.3512	 0.3048	 1.0000	 -1.1394	 1.0000	 0.7862	 8.4693
#56	 7.2922	 0.5463	 1.0000	 -1.4212	 1.0000	 0.8059	 8.3325
#57	 24.5680	 0.2229	 1.0000	 -1.0692	 1.0000	 0.7800	 8.4680
#58	 38.2656	 0.1614	 1.0000	 -0.9980	 1.0000	 0.8122	 8.4930
#59	 29.4446	 0.1874	 1.0000	 -0.9975	 1.0000	 0.8133	 8.3863
#60	 39.3073	 -0.1668	 1.0000	 -0.6874	 1.0000	 0.7749	 8.5612
#61	 17.0879	 0.4525	 1.0000	 -1.3138	 1.0000	 0.7797	 8.5377
#62	 6.9177	 0.6411	 1.0000	 -1.5140	 1.0000	 0.8096	 8.4460
#63	 15.0766	 0.4132	 1.0000	 -1.2675	 1.0000	 0.7732	 8.5047
#64	 8.3285	 0.3513	 1.0000	 -1.1968	 1.0000	 0.8229	 8.3583
#65	 15.2560	 0.4136	 1.0000	 -1.2387	 1.0000	 0.7661	 8.5190
#66	 22.5681	 0.1899	 1.0000	 -1.0097	 1.0000	 0.8054	 8.3848
#67	 28.4445	 0.2981	 1.0000	 -1.1382	 1.0000	 0.7657	 8.5516
#68	 17.5674	 0.4130	 1.0000	 -1.2396	 1.0000	 0.7705	 8.6068
#69	 34.7933	 0.1335	 1.0000	 -0.9744	 1.0000	 0.7440	 8.5596
#70	 7.2850	 0.3955	 1.0000	 -1.2693	 1.0000	 0.7980	 8.4213
#71	 14.7766	 0.4878	 1.0000	 -1.3580	 1.0000	 0.7641	 8.5699
#72	 18.1163	 0.3317	 1.0000	 -1.2183	 1.0000	 0.8126	 8.4942
#73	 20.5959	 0.2728	 1.0000	 -1.1440	 1.0000	 0.7578	 8.5321
#74	 34.8986	 0.1158	 1.0000	 -0.9645	 1.0000	 0.7992	 8.5249
#75	 0.2031	 0.8396	 1.0000	 -1.7104	 1.0000	 0.7861	 8.4839
#76	 43.5390	 0.0377	 1.0000	 -0.8493	 1.0000	 0.7935	 8.5110
#77	 28.5892	 0.1857	 1.0000	 -1.0955	 1.0000	 0.8001	 8.3652
#78	 11.8659	 0.4625	 1.0000	 -1.2951	 1.0000	 0.7987	 8.5533
#79	 27.4818	 0.2039	 1.0000	 -1.0709	 1.0000	 0.8006	 8.5087
#80	 27.2511	 0.2979	 1.0000	 -1.1308	 1.0000	 0.7885	 8.5204
#81	 38.5102	 0.0228	 1.0000	 -0.8735	 1.0000	 0.7580	 8.5821
#82	 7.8052	 0.3838	 1.0000	 -1.2570	 1.0000	 0.8095	 8.4126
#83	 18.2962	 0.2744	 1.0000	 -1.0981	 1.0000	 0.8031	 8.3868
#84	 17.8381	 0.4080	 1.0000	 -1.2499	 1.0000	 0.7755	 8.5539
#85	 48.4912	 -0.1798	 1.0000	 -0.6246	 1.0000	 0.7829	 8.4723
#86	 25.9339	 0.3282	 1.0000	 -1.1578	 1.0000	 0.7725	 8.5677
#87	 28.0545	 0.3183	 1.0000	 -1.1521	 1.0000	 0.8008	 8.4654
#88	 42.0113	 -0.0370	 1.0000	 -0.7904	 1.0000	 0.7837	 8.5136
#89	 20.6882	 0.2401	 1.0000	 -1.0902	 1.0000	 0.7997	 8.3854
#90	 8.8633	 0.5547	 1.0000	 -1.4552	 1.0000	 0.7786	 8.5611
#91	 35.3085	 0.1428	 1.0000	 -0.9861	 1.0000	 0.7589	 8.6062
#92	 4.9087	 0.5338	 1.0000	 -1.3800	 1.0000	 0.7942	 8.4766
#93	 35.8329	 0.1506	 1.0000	 -0.9978	 1.0000	 0.8216	 8.4489
#94	 10.8910	 0.3948	 1.0000	 -1.2237	 1.0000	 0.7754	 8.4769
#95	 22.1909	 0.3331	 1.0000	 -1.1661	 1.0000	 0.7922	 8.5666
#96	 30.2020	 0.2593	 1.0000	 -1.1129	 1.0000	 0.8055	 8.5054
#97	 19.4580	 0.2191	 1.0000	 -1.0371	 1.0000	 0.8300	 8.3066
#98	 12.6089	 0.4147	 1.0000	 -1.2790	 1.0000	 0.8026	 8.4198
#99	 -5.4600	 0.7469	 1.0000	 -1.6280	 1.0000	 0.8083	 8.3698
#100	 17.0217	 0.3362	 1.0000	 -1.1869	 1.0000	 0.7653	 8.4577
#101	 10.7900	 0.5002	 1.0000	 -1.3982	 1.0000	 0.7850	 8.5419
#102	 14.4929	 0.4099	 1.0000	 -1.2693	 1.0000	 0.7568	 8.5650
#103	 10.4579	 0.5645	 1.0000	 -1.4548	 1.0000	 0.7540	 8.5846
#104	 25.0829	 0.1718	 1.0000	 -1.0312	 1.0000	 0.7333	 8.6363
#105	 39.1709	 0.0844	 1.0000	 -0.9421	 1.0000	 0.7681	 8.5490
#106	 3.2960	 0.6090	 1.0000	 -1.4823	 1.0000	 0.8031	 8.4875
#107	 34.6874	 0.0735	 1.0000	 -0.9367	 1.0000	 0.7899	 8.5599
#108	 21.2963	 0.2980	 1.0000	 -1.1744	 1.0000	 0.7692	 8.4944
#109	 19.3941	 0.5950	 1.0000	 -1.4298	 1.0000	 0.7948	 8.5431
#110	 14.3660	 0.4496	 1.0000	 -1.3318	 1.0000	 0.7709	 8.5543
#111	 13.0245	 0.5312	 1.0000	 -1.3720	 1.0000	 0.8021	 8.4755
#112	 38.1057	 0.0058	 1.0000	 -0.8341	 1.0000	 0.7619	 8.5868
#113	 25.0663	 0.2257	 1.0000	 -1.0717	 1.0000	 0.7919	 8.5231
#114	 23.8375	 0.3246	 1.0000	 -1.1963	 1.0000	 0.7952	 8.5068
#115	 36.1236	 -0.0153	 1.0000	 -0.8353	 1.0000	 0.7693	 8.4895
#116	 32.2681	 0.1619	 1.0000	 -0.9903	 1.0000	 0.7964	 8.5671
#117	 40.0914	 -0.1687	 1.0000	 -0.6700	 1.0000	 0.7991	 8.4674
#118	 2.3933	 0.4960	 1.0000	 -1.3584	 1.0000	 0.8172	 8.3553
#119	 30.0772	 0.2981	 1.0000	 -1.1128	 1.0000	 0.7710	 8.5453
#120	 17.4879	 0.4084	 1.0000	 -1.2479	 1.0000	 0.7868	 8.4983
#121	 18.6055	 0.3849	 1.0000	 -1.2392	 1.0000	 0.7830	 8.5099
#122	 6.7863	 0.3928	 1.0000	 -1.2664	 1.0000	 0.7914	 8.5015
#123	 32.2024	 0.0219	 1.0000	 -0.8870	 1.0000	 0.7275	 8.6950
#124	 39.7558	 0.0042	 1.0000	 -0.8399	 1.0000	 0.8094	 8.4174
#125	 7.7221	 0.3801	 1.0000	 -1.2241	 1.0000	 0.8216	 8.2967
#126	 23.1589	 0.3651	 1.0000	 -1.2029	 1.0000	 0.7873	 8.4557
#127	 9.5795	 0.3882	 1.0000	 -1.2417	 1.0000	 0.7731	 8.4416
#128	 20.7739	 0.2465	 1.0000	 -1.1003	 1.0000	 0.7548	 8.5319
#129	 18.9402	 0.3665	 1.0000	 -1.1915	 1.0000	 0.8025	 8.4195
#130	 24.0167	 0.0657	 1.0000	 -0.9573	 1.0000	 0.7634	 8.5529
#131	 32.4760	 0.1705	 1.0000	 -1.0001	 1.0000	 0.8187	 8.4676
#132	 30.3067	 0.0910	 1.0000	 -0.9392	 1.0000	 0.7312	 8.5499
#133	 11.4592	 0.5685	 1.0000	 -1.4259	 1.0000	 0.7923	 8.4472
#134	 31.0087	 0.1506	 1.0000	 -0.9728	 1.0000	 0.7356	 8.5753
#135	 33.6646	 0.0520	 1.0000	 -0.8792	 1.0000	 0.7843	 8.6217
#136	 41.4690	 -0.0569	 1.0000	 -0.7371	 1.0000	 0.7966	 8.5730
#137	 21.0915	 0.2421	 1.0000	 -1.0695	 1.0000	 0.7853	 8.5205
#138	 1.8135	 0.5980	 1.0000	 -1.4505	 1.0000	 0.8271	 8.4179
#139	 8.8666	 0.5023	 1.0000	 -1.3580	 1.0000	 0.8036	 8.4786
#140	 16.5034	 0.2448	 1.0000	 -1.0971	 1.0000	 0.8071	 8.4291
#141	 -30.2442	 1.2545	 1.0000	 -2.2240	 1.0000	 0.7590	 8.4592
#142	 18.8592	 0.5362	 1.0000	 -1.3517	 1.0000	 0.7786	 8.5694
#143	 23.2386	 0.2823	 1.0000	 -1.1266	 1.0000	 0.8022	 8.4462
#144	 -0.8697	 0.7876	 1.0000	 -1.6365	 1.0000	 0.7813	 8.5962
#145	 15.8615	 0.4410	 1.0000	 -1.2978	 1.0000	 0.7370	 8.5418
#146	 0.0106	 0.5331	 1.0000	 -1.4039	 1.0000	 0.8063	 8.4278
#147	 24.0717	 0.1068	 1.0000	 -0.9907	 1.0000	 0.7225	 8.6438
#148	 10.6694	 0.5019	 1.0000	 -1.3550	 1.0000	 0.8094	 8.4025
#149	 33.6662	 0.1467	 1.0000	 -0.9749	 1.0000	 0.7714	 8.5195
#150	 25.7296	 0.2382	 1.0000	 -1.0579	 1.0000	 0.7539	 8.5491
#151	 24.4675	 0.2417	 1.0000	 -1.0745	 1.0000	 0.7872	 8.6564
#152	 23.9682	 0.0884	 1.0000	 -0.9247	 1.0000	 0.7912	 8.4498
#153	 9.2862	 0.3145	 1.0000	 -1.1790	 1.0000	 0.7746	 8.4137
#154	 25.2713	 0.2781	 1.0000	 -1.1117	 1.0000	 0.8073	 8.4715
#155	 14.3195	 0.4453	 1.0000	 -1.2737	 1.0000	 0.7517	 8.4763
#156	 18.0429	 0.4908	 1.0000	 -1.3314	 1.0000	 0.7883	 8.5252
#157	 -18.2476	 1.1156	 1.0000	 -2.0549	 1.0000	 0.7769	 8.5054
#158	 28.4710	 0.1028	 1.0000	 -0.9499	 1.0000	 0.8217	 8.4288
#159	 34.1614	 0.2793	 1.0000	 -1.1282	 1.0000	 0.7563	 8.5569
#160	 17.4506	 0.3922	 1.0000	 -1.2525	 1.0000	 0.8106	 8.3930
#161	 22.6162	 0.2869	 1.0000	 -1.1856	 1.0000	 0.7984	 8.4828
#162	 24.0396	 0.4440	 1.0000	 -1.2719	 1.0000	 0.7901	 8.5367
#163	 30.8162	 0.2049	 1.0000	 -1.0793	 1.0000	 0.8131	 8.4652
#164	 50.9732	 -0.1609	 1.0000	 -0.6749	 1.0000	 0.8035	 8.4157
#165	 9.6155	 0.4493	 1.0000	 -1.3119	 1.0000	 0.7950	 8.5380
#166	 39.4513	 -0.0768	 1.0000	 -0.8247	 1.0000	 0.8182	 8.3331
#167	 26.2285	 0.0154	 1.0000	 -0.8627	 1.0000	 0.7887	 8.5561
#168	 46.0680	 0.0272	 1.0000	 -0.8377	 1.0000	 0.7635	 8.5263
#169	 30.8701	 0.0827	 1.0000	 -0.9147	 1.0000	 0.7862	 8.5722
#170	 31.9093	 0.2079	 1.0000	 -1.0537	 1.0000	 0.7774	 8.6062
#171	 31.3356	 0.1358	 1.0000	 -0.9540	 1.0000	 0.7861	 8.4346
#172	 26.9778	 0.1999	 1.0000	 -1.0396	 1.0000	 0.8136	 8.5056
#173	 -12.4245	 0.9960	 1.0000	 -1.8793	 1.0000	 0.8185	 8.4528
#174	 22.8757	 0.1982	 1.0000	 -1.0476	 1.0000	 0.7904	 8.4165
#175	 18.5739	 0.4228	 1.0000	 -1.2891	 1.0000	 0.7422	 8.5674
#176	 56.9773	 -0.2087	 1.0000	 -0.6438	 1.0000	 0.7693	 8.4863
#177	 19.8163	 0.3564	 1.0000	 -1.2021	 1.0000	 0.8012	 8.3973
#178	 25.3349	 0.2487	 1.0000	 -1.0752	 1.0000	 0.8115	 8.3999
#179	 14.6089	 0.4769	 1.0000	 -1.3355	 1.0000	 0.8066	 8.4727
#180	 21.8495	 0.3430	 1.0000	 -1.1754	 1.0000	 0.7759	 8.4973
#181	 25.0429	 0.3686	 1.0000	 -1.1819	 1.0000	 0.7895	 8.4679
#182	 25.6516	 0.2762	 1.0000	 -1.1004	 1.0000	 0.7582	 8.5593
#183	 40.7626	 -0.0410	 1.0000	 -0.7911	 1.0000	 0.7540	 8.5780
#184	 15.0256	 0.3452	 1.0000	 -1.2080	 1.0000	 0.7960	 8.5152
#185	 28.0809	 0.2868	 1.0000	 -1.1188	 1.0000	 0.7813	 8.5038
#186	 18.7917	 0.2966	 1.0000	 -1.1532	 1.0000	 0.7640	 8.5472
#187	 17.6947	 0.4462	 1.0000	 -1.3093	 1.0000	 0.7667	 8.5687
#188	 10.6907	 0.5637	 1.0000	 -1.3977	 1.0000	 0.7670	 8.5932
#189	 11.5563	 0.3934	 1.0000	 -1.2646	 1.0000	 0.7604	 8.5247
#190	 18.3607	 0.2328	 1.0000	 -1.0908	 1.0000	 0.7951	 8.4577
#191	 22.5112	 0.1985	 1.0000	 -1.0593	 1.0000	 0.7842	 8.5701
#192	 11.9580	 0.2785	 1.0000	 -1.1483	 1.0000	 0.7992	 8.4069
#193	 31.4891	 0.2304	 1.0000	 -1.0651	 1.0000	 0.7714	 8.6005
#194	 10.2887	 0.5495	 1.0000	 -1.4285	 1.0000	 0.7691	 8.4923
#195	 36.2015	 -0.1455	 1.0000	 -0.7271	 1.0000	 0.7748	 8.5664
#196	 33.0025	 0.2134	 1.0000	 -1.0334	 1.0000	 0.7702	 8.4901
#197	 19.1539	 0.3642	 1.0000	 -1.2236	 1.0000	 0.7553	 8.5975
#198	 14.0103	 0.4232	 1.0000	 -1.2747	 1.0000	 0.7963	 8.5072
#199	 15.5929	 0.2765	 1.0000	 -1.1298	 1.0000	 0.8034	 8.3762
#200	 13.0583	 0.3873	 1.0000	 -1.2880	 1.0000	 0.7815	 8.4383
#201	 24.9740	 0.3504	 1.0000	 -1.1916	 1.0000	 0.7548	 8.6086
#202	 16.6352	 0.3394	 1.0000	 -1.2164	 1.0000	 0.8291	 8.3453
#203	 36.0815	 0.1320	 1.0000	 -0.9863	 1.0000	 0.8011	 8.4549
#204	 34.1846	 0.2029	 1.0000	 -1.0465	 1.0000	 0.7489	 8.5783
#205	 21.7370	 0.4248	 1.0000	 -1.2744	 1.0000	 0.7585	 8.4911
#206	 4.2278	 0.5585	 1.0000	 -1.4191	 1.0000	 0.8154	 8.4008
#207	 22.6400	 0.1951	 1.0000	 -1.0690	 1.0000	 0.7610	 8.5621
#208	 18.2111	 0.3113	 1.0000	 -1.1551	 1.0000	 0.7970	 8.3978
#209	 25.0358	 0.3380	 1.0000	 -1.2165	 1.0000	 0.7738	 8.5657
#210	 18.4255	 0.2623	 1.0000	 -1.0883	 1.0000	 0.8290	 8.4702
#211	 25.6313	 0.2985	 1.0000	 -1.1283	 1.0000	 0.7855	 8.5243
#212	 15.2981	 0.3840	 1.0000	 -1.1994	 1.0000	 0.8218	 8.3996
#213	 18.8778	 0.4011	 1.0000	 -1.2430	 1.0000	 0.7730	 8.5778
#214	 30.8483	 0.1092	 1.0000	 -0.9480	 1.0000	 0.7809	 8.5868
#215	 15.0370	 0.4667	 1.0000	 -1.3072	 1.0000	 0.7795	 8.5261
#216	 31.5646	 0.0055	 1.0000	 -0.8578	 1.0000	 0.7825	 8.5599
#217	 18.8763	 0.3957	 1.0000	 -1.2150	 1.0000	 0.7779	 8.4916
#218	 36.2499	 0.0394	 1.0000	 -0.8553	 1.0000	 0.7734	 8.5449
#219	 15.0180	 0.2277	 1.0000	 -1.0850	 1.0000	 0.7793	 8.4965
#220	 17.2216	 0.3926	 1.0000	 -1.2604	 1.0000	 0.7284	 8.6474
#221	 20.4863	 0.2714	 1.0000	 -1.1688	 1.0000	 0.7405	 8.6014
#222	 17.7099	 0.4884	 1.0000	 -1.3329	 1.0000	 0.7743	 8.4879
#223	 22.1401	 0.3286	 1.0000	 -1.1637	 1.0000	 0.7801	 8.5470
#224	 21.7679	 0.1644	 1.0000	 -1.0189	 1.0000	 0.8117	 8.3851
#225	 24.8255	 0.2560	 1.0000	 -1.1207	 1.0000	 0.8116	 8.4593
#226	 44.0471	 0.0366	 1.0000	 -0.8543	 1.0000	 0.7758	 8.4697
#227	 28.7502	 0.2824	 1.0000	 -1.1342	 1.0000	 0.7681	 8.4713
#228	 16.4187	 0.3509	 1.0000	 -1.1754	 1.0000	 0.8053	 8.4248
#229	 37.7649	 -0.0590	 1.0000	 -0.7720	 1.0000	 0.7874	 8.5438
#230	 25.5399	 0.3153	 1.0000	 -1.1555	 1.0000	 0.7579	 8.5941
#231	 1.6277	 0.5377	 1.0000	 -1.4502	 1.0000	 0.7953	 8.4003
#232	 6.0751	 0.7781	 1.0000	 -1.6392	 1.0000	 0.8097	 8.5123
#233	 54.2839	 -0.0816	 1.0000	 -0.7287	 1.0000	 0.7945	 8.4854
#234	 23.2086	 0.3054	 1.0000	 -1.1602	 1.0000	 0.7628	 8.5517
#235	 30.2531	 0.3433	 1.0000	 -1.1969	 1.0000	 0.7712	 8.5587
#236	 22.5619	 0.1285	 1.0000	 -0.9531	 1.0000	 0.7819	 8.4509
#237	 25.5347	 0.2856	 1.0000	 -1.1082	 1.0000	 0.7969	 8.5413
#238	 38.7291	 0.0523	 1.0000	 -0.8802	 1.0000	 0.8151	 8.4679
#239	 24.3282	 0.1507	 1.0000	 -1.0562	 1.0000	 0.8028	 8.4235
#240	 50.8416	 -0.1942	 1.0000	 -0.6398	 1.0000	 0.8075	 8.4947
#241	 23.0913	 0.0481	 1.0000	 -0.9091	 1.0000	 0.8188	 8.3576
#242	 15.4736	 0.3978	 1.0000	 -1.2574	 1.0000	 0.7902	 8.4795
#243	 1.0402	 0.4340	 1.0000	 -1.3130	 1.0000	 0.8118	 8.4056
#244	 42.9860	 0.0540	 1.0000	 -0.9031	 1.0000	 0.7833	 8.4730
#245	 63.9236	 -0.3495	 1.0000	 -0.4597	 1.0000	 0.8144	 8.3968
#246	 37.6789	 0.1701	 1.0000	 -1.0332	 1.0000	 0.7853	 8.4730
#247	 22.6230	 0.3408	 1.0000	 -1.1957	 1.0000	 0.7755	 8.6448
#248	 38.3894	 0.1535	 1.0000	 -0.9727	 1.0000	 0.7430	 8.5492
#249	 34.9829	 -0.2121	 1.0000	 -0.6122	 1.0000	 0.8043	 8.4652
#250	 6.7435	 0.5976	 1.0000	 -1.4419	 1.0000	 0.8263	 8.3171
#251	 20.7526	 0.3953	 1.0000	 -1.2402	 1.0000	 0.7749	 8.5636
#252	 17.4323	 0.3625	 1.0000	 -1.2227	 1.0000	 0.7787	 8.5346
#253	 33.7597	 0.1186	 1.0000	 -0.9547	 1.0000	 0.8041	 8.3677
#254	 34.1447	 0.0097	 1.0000	 -0.8252	 1.0000	 0.7737	 8.6455
#255	 7.1935	 0.5779	 1.0000	 -1.4495	 1.0000	 0.8076	 8.4969
#256	 18.4580	 0.3273	 1.0000	 -1.1757	 1.0000	 0.8211	 8.4283
#257	 6.7580	 0.7396	 1.0000	 -1.6293	 1.0000	 0.7523	 8.4749
#258	 17.1708	 0.3230	 1.0000	 -1.1629	 1.0000	 0.7682	 8.5873
#259	 17.9239	 0.5156	 1.0000	 -1.3595	 1.0000	 0.7574	 8.5666
#260	 47.2065	 -0.1673	 1.0000	 -0.6481	 1.0000	 0.7618	 8.6044
#261	 12.8332	 0.4442	 1.0000	 -1.3065	 1.0000	 0.7799	 8.4408
#262	 33.6697	 0.1729	 1.0000	 -1.0277	 1.0000	 0.7763	 8.5254
#263	 22.7896	 0.2588	 1.0000	 -1.0947	 1.0000	 0.8134	 8.3986
#264	 22.8515	 0.2823	 1.0000	 -1.1641	 1.0000	 0.7283	 8.5920
#265	 32.5509	 0.0197	 1.0000	 -0.8561	 1.0000	 0.7706	 8.5975
#266	 22.0624	 0.2129	 1.0000	 -1.0643	 1.0000	 0.7700	 8.5761
#267	 28.8885	 0.0358	 1.0000	 -0.8635	 1.0000	 0.7944	 8.5373
#268	 24.3345	 0.3144	 1.0000	 -1.1665	 1.0000	 0.7378	 8.5579
#269	 17.1696	 0.4355	 1.0000	 -1.2981	 1.0000	 0.7717	 8.5985
#270	 21.4074	 0.1937	 1.0000	 -1.0321	 1.0000	 0.8026	 8.4889
#271	 22.3282	 0.4040	 1.0000	 -1.2302	 1.0000	 0.7917	 8.5193
#272	 36.1656	 -0.1065	 1.0000	 -0.7012	 1.0000	 0.8030	 8.4456
#273	 38.8005	 -0.0106	 1.0000	 -0.8267	 1.0000	 0.8225	 8.3478
#274	 24.7180	 0.3163	 1.0000	 -1.1672	 1.0000	 0.7112	 8.7038
#275	 30.0487	 0.1808	 1.0000	 -1.0476	 1.0000	 0.7830	 8.5810
#276	 24.5679	 0.1784	 1.0000	 -1.0352	 1.0000	 0.7850	 8.5844
#277	 5.5166	 0.6123	 1.0000	 -1.4761	 1.0000	 0.8099	 8.4522
#278	 20.3906	 0.3334	 1.0000	 -1.1634	 1.0000	 0.7882	 8.5303
#279	 26.9252	 0.1488	 1.0000	 -1.0131	 1.0000	 0.7631	 8.5598
#280	 17.6060	 0.2489	 1.0000	 -1.1405	 1.0000	 0.7940	 8.5245
#281	 28.6960	 0.0619	 1.0000	 -0.9611	 1.0000	 0.7589	 8.5364
#282	 46.9768	 -0.0073	 1.0000	 -0.8286	 1.0000	 0.7910	 8.3666
#283	 22.8114	 0.3148	 1.0000	 -1.1728	 1.0000	 0.8097	 8.4866
#284	 18.9378	 0.2239	 1.0000	 -1.0719	 1.0000	 0.7703	 8.5382
#285	 24.7427	 0.1904	 1.0000	 -1.0264	 1.0000	 0.7636	 8.5280
#286	 17.4036	 0.3470	 1.0000	 -1.1889	 1.0000	 0.7817	 8.4760
#287	 20.1072	 0.2293	 1.0000	 -1.0992	 1.0000	 0.7720	 8.5285
#288	 15.4541	 0.3590	 1.0000	 -1.2502	 1.0000	 0.7484	 8.5842
#289	 0.8360	 0.6739	 1.0000	 -1.5756	 1.0000	 0.7835	 8.4760
#290	 28.3800	 0.2476	 1.0000	 -1.0790	 1.0000	 0.7850	 8.5183
#291	 20.2373	 0.4911	 1.0000	 -1.3281	 1.0000	 0.7722	 8.5673
#292	 20.1645	 0.2615	 1.0000	 -1.1506	 1.0000	 0.7671	 8.4499
#293	 21.4393	 0.0949	 1.0000	 -0.9692	 1.0000	 0.7946	 8.5121
#294	 2.0830	 0.4414	 1.0000	 -1.2949	 1.0000	 0.7759	 8.4545
#295	 21.5958	 0.2779	 1.0000	 -1.1382	 1.0000	 0.7902	 8.4167
#296	 41.9314	 -0.1665	 1.0000	 -0.6432	 1.0000	 0.8016	 8.5231
#297	 24.3852	 0.1050	 1.0000	 -0.9581	 1.0000	 0.7896	 8.4864
#298	 25.2169	 0.2607	 1.0000	 -1.1125	 1.0000	 0.7470	 8.5932
#299	 22.5127	 0.2915	 1.0000	 -1.1316	 1.0000	 0.7885	 8.4387
#300	 9.0663	 0.4188	 1.0000	 -1.2928	 1.0000	 0.7561	 8.5554
#301	 15.4322	 0.3885	 1.0000	 -1.2586	 1.0000	 0.7814	 8.4865
#302	 34.2276	 0.1153	 1.0000	 -0.9491	 1.0000	 0.7766	 8.4093
#303	 28.8575	 0.2018	 1.0000	 -1.0277	 1.0000	 0.7174	 8.6896
#304	 51.5295	 -0.1443	 1.0000	 -0.6585	 1.0000	 0.8228	 8.4551
#305	 13.0926	 0.4250	 1.0000	 -1.3032	 1.0000	 0.7745	 8.4924
#306	 27.6839	 0.3121	 1.0000	 -1.1542	 1.0000	 0.8059	 8.4061
#307	 16.7717	 0.3066	 1.0000	 -1.1772	 1.0000	 0.7693	 8.5509
#308	 46.6272	 0.0016	 1.0000	 -0.7932	 1.0000	 0.7980	 8.5214
#309	 48.6123	 0.0120	 1.0000	 -0.8468	 1.0000	 0.8036	 8.3683
#310	 28.4644	 0.2177	 1.0000	 -1.1025	 1.0000	 0.8052	 8.3480
#311	 22.1207	 0.3117	 1.0000	 -1.1473	 1.0000	 0.8122	 8.3762
#312	 11.1443	 0.2460	 1.0000	 -1.1093	 1.0000	 0.8173	 8.3331
#313	 2.6706	 0.5930	 1.0000	 -1.4984	 1.0000	 0.8021	 8.4959
#314	 14.1968	 0.3173	 1.0000	 -1.1499	 1.0000	 0.7976	 8.4735
#315	 47.4145	 -0.2225	 1.0000	 -0.6436	 1.0000	 0.8102	 8.3944
#316	 17.0429	 0.4510	 1.0000	 -1.3306	 1.0000	 0.7932	 8.5029
#317	 1.7556	 0.5544	 1.0000	 -1.4103	 1.0000	 0.8260	 8.3688
#318	 13.7650	 0.3246	 1.0000	 -1.1587	 1.0000	 0.8024	 8.3947
#319	 19.7620	 0.4753	 1.0000	 -1.3880	 1.0000	 0.7539	 8.6113
#320	 16.0502	 0.5318	 1.0000	 -1.3777	 1.0000	 0.8104	 8.5199
#321	 33.4085	 0.0601	 1.0000	 -0.8931	 1.0000	 0.7544	 8.5647
#322	 21.4820	 0.2871	 1.0000	 -1.1193	 1.0000	 0.7880	 8.4977
#323	 39.9803	 -0.0514	 1.0000	 -0.7964	 1.0000	 0.7555	 8.5959
#324	 16.3956	 0.3283	 1.0000	 -1.1890	 1.0000	 0.8084	 8.4252
#325	 25.8300	 0.3355	 1.0000	 -1.1865	 1.0000	 0.8009	 8.5149
#326	 35.0992	 0.0252	 1.0000	 -0.8506	 1.0000	 0.7717	 8.5048
#327	 8.8942	 0.2840	 1.0000	 -1.1698	 1.0000	 0.8151	 8.3899
#328	 17.9340	 0.2926	 1.0000	 -1.2178	 1.0000	 0.7700	 8.5633
#329	 20.7813	 0.3499	 1.0000	 -1.2362	 1.0000	 0.7747	 8.5565
#330	 26.6315	 0.0753	 1.0000	 -0.9097	 1.0000	 0.7956	 8.4930
#331	 28.9557	 0.2015	 1.0000	 -1.0534	 1.0000	 0.7770	 8.4802
#332	 28.2339	 0.2985	 1.0000	 -1.1503	 1.0000	 0.7473	 8.5580
#333	 14.0456	 0.3589	 1.0000	 -1.2020	 1.0000	 0.7709	 8.5396
#334	 25.7714	 0.3271	 1.0000	 -1.2022	 1.0000	 0.8060	 8.3992
#335	 42.8401	 -0.0314	 1.0000	 -0.8023	 1.0000	 0.7767	 8.5457
#336	 19.2460	 0.3256	 1.0000	 -1.1693	 1.0000	 0.7925	 8.4590
#337	 -0.9969	 0.6127	 1.0000	 -1.4859	 1.0000	 0.7883	 8.3915
#338	 5.7563	 0.4508	 1.0000	 -1.3378	 1.0000	 0.7681	 8.4036
#339	 9.0262	 0.4527	 1.0000	 -1.2850	 1.0000	 0.7946	 8.4177
#340	 18.2362	 0.2525	 1.0000	 -1.1179	 1.0000	 0.7371	 8.5730
#341	 28.1211	 0.2794	 1.0000	 -1.1056	 1.0000	 0.7845	 8.5378
#342	 31.2540	 0.1172	 1.0000	 -0.9521	 1.0000	 0.7523	 8.5626
#343	 33.7155	 0.1449	 1.0000	 -1.0422	 1.0000	 0.8058	 8.4208
#344	 25.1532	 0.1527	 1.0000	 -0.9750	 1.0000	 0.7418	 8.5988
#345	 12.3669	 0.4960	 1.0000	 -1.3420	 1.0000	 0.7847	 8.5267
#346	 30.8615	 0.0899	 1.0000	 -0.8975	 1.0000	 0.7360	 8.6098
#347	 33.0787	 -0.0954	 1.0000	 -0.7749	 1.0000	 0.7740	 8.5550
#348	 41.1008	 -0.0605	 1.0000	 -0.7867	 1.0000	 0.7340	 8.6654
#349	 17.8372	 0.2916	 1.0000	 -1.1662	 1.0000	 0.8007	 8.4502
#350	 24.8702	 0.3495	 1.0000	 -1.1998	 1.0000	 0.7645	 8.4611
#351	 19.1819	 0.3370	 1.0000	 -1.1812	 1.0000	 0.7640	 8.5547
#352	 27.2735	 0.1883	 1.0000	 -1.0279	 1.0000	 0.7572	 8.5761
#353	 46.2654	 0.0306	 1.0000	 -0.8866	 1.0000	 0.7782	 8.4005
#354	 21.8696	 0.3334	 1.0000	 -1.1661	 1.0000	 0.7511	 8.6015
#355	 35.0748	 0.0314	 1.0000	 -0.9189	 1.0000	 0.7928	 8.5526
#356	 32.6799	 0.0756	 1.0000	 -0.8922	 1.0000	 0.7547	 8.5977
#357	 21.6033	 0.1704	 1.0000	 -1.0665	 1.0000	 0.8007	 8.4254
#358	 7.2922	 0.5463	 1.0000	 -1.4212	 1.0000	 0.8059	 8.3325
#359	 38.1889	 0.1446	 1.0000	 -0.9666	 1.0000	 0.7944	 8.4199
#360	 18.5895	 0.5043	 1.0000	 -1.3182	 1.0000	 0.7953	 8.5293
#361	 38.0831	 -0.1535	 1.0000	 -0.6763	 1.0000	 0.7328	 8.6116
#362	 16.9668	 0.3991	 1.0000	 -1.2717	 1.0000	 0.8277	 8.4488
#363	 14.9893	 0.5983	 1.0000	 -1.4446	 1.0000	 0.7975	 8.5339
#364	 12.6980	 0.3819	 1.0000	 -1.2462	 1.0000	 0.7878	 8.4777
#365	 13.0489	 0.4888	 1.0000	 -1.3741	 1.0000	 0.7639	 8.5816
#366	 24.5886	 0.2831	 1.0000	 -1.1283	 1.0000	 0.8006	 8.4535
#367	 21.6372	 0.1986	 1.0000	 -1.0487	 1.0000	 0.7930	 8.4636
#368	 31.7479	 0.2999	 1.0000	 -1.1613	 1.0000	 0.8009	 8.4301
#369	 27.0466	 0.1514	 1.0000	 -1.0334	 1.0000	 0.7550	 8.6348
#370	 23.9293	 0.1157	 1.0000	 -0.9844	 1.0000	 0.7964	 8.5187
#371	 21.2570	 0.2377	 1.0000	 -1.0790	 1.0000	 0.7442	 8.5972
#372	 12.8268	 0.4408	 1.0000	 -1.2984	 1.0000	 0.7930	 8.4475
#373	 -9.8165	 0.7569	 1.0000	 -1.6681	 1.0000	 0.8140	 8.3399
#374	 42.5743	 -0.0906	 1.0000	 -0.7418	 1.0000	 0.7787	 8.5101
#375	 37.1026	 0.0113	 1.0000	 -0.8562	 1.0000	 0.7755	 8.5927
#376	 27.1843	 0.0614	 1.0000	 -0.9182	 1.0000	 0.8110	 8.4274
#377	 14.4339	 0.4466	 1.0000	 -1.2886	 1.0000	 0.7892	 8.3933
#378	 24.7307	 0.2646	 1.0000	 -1.1125	 1.0000	 0.7833	 8.5682
#379	 19.3809	 0.2045	 1.0000	 -1.0435	 1.0000	 0.8339	 8.3779
#380	 38.0715	 0.0873	 1.0000	 -0.9175	 1.0000	 0.7556	 8.5725
#381	 27.4818	 0.2039	 1.0000	 -1.0709	 1.0000	 0.8006	 8.5087
#382	 28.2146	 0.2152	 1.0000	 -1.0652	 1.0000	 0.7799	 8.4624
#383	 22.0493	 0.2585	 1.0000	 -1.1126	 1.0000	 0.7828	 8.5116
#384	 18.7205	 0.3739	 1.0000	 -1.2237	 1.0000	 0.7734	 8.5574
#385	 16.6843	 0.4431	 1.0000	 -1.2793	 1.0000	 0.7761	 8.5206
#386	 27.3920	 0.2210	 1.0000	 -1.0808	 1.0000	 0.7367	 8.6683
#387	 20.1998	 0.3154	 1.0000	 -1.1708	 1.0000	 0.7994	 8.5182
#388	 14.9926	 0.4841	 1.0000	 -1.3482	 1.0000	 0.7880	 8.4503
#389	 23.8883	 0.3453	 1.0000	 -1.2030	 1.0000	 0.7815	 8.4642
#390	 22.7614	 0.1947	 1.0000	 -1.0277	 1.0000	 0.7827	 8.5269
#391	 12.7351	 0.1897	 1.0000	 -1.0606	 1.0000	 0.8095	 8.4072
#392	 18.7053	 0.2453	 1.0000	 -1.0936	 1.0000	 0.7836	 8.5333
#393	 35.4511	 0.0832	 1.0000	 -0.8738	 1.0000	 0.7746	 8.5125
#394	 12.8319	 0.5474	 1.0000	 -1.4113	 1.0000	 0.7902	 8.5167
#395	 38.0897	 0.2180	 1.0000	 -1.0388	 1.0000	 0.7917	 8.4762
#396	 26.3316	 0.1706	 1.0000	 -1.0286	 1.0000	 0.7640	 8.6219
#397	 11.2781	 0.6171	 1.0000	 -1.4582	 1.0000	 0.8045	 8.4704
#398	 46.7421	 -0.0598	 1.0000	 -0.7514	 1.0000	 0.7567	 8.5551
#399	 43.3435	 0.0166	 1.0000	 -0.8499	 1.0000	 0.7628	 8.5528
#400	 5.6277	 0.5679	 1.0000	 -1.4312	 1.0000	 0.8318	 8.3906
#401	 16.6358	 0.3751	 1.0000	 -1.2684	 1.0000	 0.7605	 8.5243
#402	 21.2794	 0.3715	 1.0000	 -1.2172	 1.0000	 0.7891	 8.4807
#403	 22.3179	 0.4921	 1.0000	 -1.3223	 1.0000	 0.7943	 8.5467
#404	 24.1839	 0.1918	 1.0000	 -1.0386	 1.0000	 0.8066	 8.4917
#405	 15.5213	 0.3738	 1.0000	 -1.2246	 1.0000	 0.7995	 8.4230
#406	 33.0515	 0.1793	 1.0000	 -1.0233	 1.0000	 0.7883	 8.4746
#407	 25.7764	 0.2859	 1.0000	 -1.1441	 1.0000	 0.7908	 8.4549
#408	 14.4929	 0.4099	 1.0000	 -1.2693	 1.0000	 0.7568	 8.5650
#409	 10.5149	 0.4766	 1.0000	 -1.4006	 1.0000	 0.8021	 8.4751
#410	 15.8667	 0.3983	 1.0000	 -1.2684	 1.0000	 0.7748	 8.5532
#411	 27.0779	 0.2391	 1.0000	 -1.0774	 1.0000	 0.7727	 8.4694
#412	 14.0229	 0.5544	 1.0000	 -1.4263	 1.0000	 0.7591	 8.6708
#413	 9.5980	 0.4388	 1.0000	 -1.2763	 1.0000	 0.7610	 8.4563
#414	 19.7318	 0.4183	 1.0000	 -1.2543	 1.0000	 0.7686	 8.5359
#415	 23.8771	 0.2501	 1.0000	 -1.0970	 1.0000	 0.7546	 8.5764
#416	 50.5008	 -0.0794	 1.0000	 -0.7296	 1.0000	 0.7900	 8.4863
#417	 19.1430	 0.3377	 1.0000	 -1.2334	 1.0000	 0.7826	 8.4862
#418	 22.2623	 0.3361	 1.0000	 -1.1941	 1.0000	 0.8089	 8.3927
#419	 43.9285	 0.0159	 1.0000	 -0.8026	 1.0000	 0.7905	 8.4542
#420	 36.1236	 -0.0153	 1.0000	 -0.8353	 1.0000	 0.7693	 8.4895
#421	 32.2681	 0.1619	 1.0000	 -0.9903	 1.0000	 0.7964	 8.5671
#422	 23.8639	 0.3827	 1.0000	 -1.2374	 1.0000	 0.7765	 8.5834
#423	 33.7841	 0.1108	 1.0000	 -0.9256	 1.0000	 0.7549	 8.5842
#424	 1.1703	 0.6226	 1.0000	 -1.4634	 1.0000	 0.7932	 8.4453
#425	 31.2000	 0.0444	 1.0000	 -0.8891	 1.0000	 0.7251	 8.6155
#426	 5.1887	 0.5193	 1.0000	 -1.4286	 1.0000	 0.8037	 8.4738
#427	 34.2046	 0.0834	 1.0000	 -0.9492	 1.0000	 0.8106	 8.5226
#428	 18.9004	 0.4316	 1.0000	 -1.2923	 1.0000	 0.7952	 8.5314
#429	 40.3395	 -0.0109	 1.0000	 -0.8011	 1.0000	 0.8068	 8.4887
#430	 40.7534	 -0.1508	 1.0000	 -0.6556	 1.0000	 0.7671	 8.5039
#431	 28.7314	 0.1970	 1.0000	 -1.0512	 1.0000	 0.7604	 8.5607
#432	 10.7768	 0.3288	 1.0000	 -1.1542	 1.0000	 0.8037	 8.3561
#433	 33.4450	 0.1449	 1.0000	 -0.9760	 1.0000	 0.7850	 8.5583
#434	 1.5601	 0.5543	 1.0000	 -1.4267	 1.0000	 0.8003	 8.5093
#435	 50.4215	 -0.3920	 1.0000	 -0.4094	 1.0000	 0.8059	 8.5457
#436	 56.8918	 -0.0917	 1.0000	 -0.7247	 1.0000	 0.8002	 8.5207
#437	 13.5522	 0.4492	 1.0000	 -1.3161	 1.0000	 0.7860	 8.5215
#438	 16.7946	 0.5392	 1.0000	 -1.3772	 1.0000	 0.7673	 8.5446
#439	 19.7373	 0.3570	 1.0000	 -1.2554	 1.0000	 0.7727	 8.5627
#440	 20.5734	 0.2614	 1.0000	 -1.0956	 1.0000	 0.7641	 8.5602
#441	 52.1304	 -0.1812	 1.0000	 -0.6179	 1.0000	 0.7953	 8.5000
#442	 80.6438	 -0.5781	 1.0000	 -0.2338	 1.0000	 0.7907	 8.4098
#443	 30.5511	 0.1869	 1.0000	 -1.0439	 1.0000	 0.7705	 8.5534
#444	 31.7133	 0.0843	 1.0000	 -0.9219	 1.0000	 0.8043	 8.4191
#445	 25.9806	 0.4651	 1.0000	 -1.3013	 1.0000	 0.7606	 8.6049
#446	 15.2385	 0.4244	 1.0000	 -1.2855	 1.0000	 0.7388	 8.5997
#447	 -0.0019	 0.6660	 1.0000	 -1.5259	 1.0000	 0.8225	 8.4207
#448	 27.9246	 0.1762	 1.0000	 -0.9874	 1.0000	 0.8078	 8.4864
#449	 16.8234	 0.3943	 1.0000	 -1.3010	 1.0000	 0.7806	 8.5237
#450	 22.6858	 0.3177	 1.0000	 -1.1582	 1.0000	 0.7868	 8.4818
#451	 43.5384	 0.0038	 1.0000	 -0.8370	 1.0000	 0.7448	 8.6089
#452	 38.9560	 -0.0716	 1.0000	 -0.7711	 1.0000	 0.7998	 8.4085
#453	 46.2318	 -0.2586	 1.0000	 -0.5694	 1.0000	 0.7646	 8.5826
#454	 25.2823	 0.3054	 1.0000	 -1.1704	 1.0000	 0.7392	 8.6003
#455	 23.0051	 0.3175	 1.0000	 -1.1448	 1.0000	 0.7698	 8.5380
#456	 10.6694	 0.5019	 1.0000	 -1.3550	 1.0000	 0.8094	 8.4025
#457	 19.1038	 0.3207	 1.0000	 -1.1561	 1.0000	 0.7816	 8.6178
#458	 18.2027	 0.3439	 1.0000	 -1.2040	 1.0000	 0.7988	 8.4838
#459	 -12.7089	 1.0519	 1.0000	 -1.9251	 1.0000	 0.8291	 8.3673
#460	 20.9860	 0.3616	 1.0000	 -1.2166	 1.0000	 0.7598	 8.5278
#461	 31.0768	 0.0822	 1.0000	 -0.8914	 1.0000	 0.7863	 8.4897
#462	 36.4040	 0.2542	 1.0000	 -1.1009	 1.0000	 0.7590	 8.5717
#463	 34.8523	 0.1930	 1.0000	 -1.0327	 1.0000	 0.7641	 8.4644
#464	 37.1529	 0.0348	 1.0000	 -0.8913	 1.0000	 0.7658	 8.5524
#465	 28.7035	 0.1870	 1.0000	 -1.0114	 1.0000	 0.8067	 8.4878
#466	 21.2141	 0.3454	 1.0000	 -1.1859	 1.0000	 0.7556	 8.5637
#467	 23.7279	 0.3059	 1.0000	 -1.1558	 1.0000	 0.7735	 8.6068
#468	 27.4087	 0.2939	 1.0000	 -1.1402	 1.0000	 0.7767	 8.5822
#469	 32.3815	 -0.0478	 1.0000	 -0.7880	 1.0000	 0.8177	 8.4184
#470	 30.5925	 0.2799	 1.0000	 -1.1207	 1.0000	 0.7846	 8.5209
#471	 34.8257	 0.0791	 1.0000	 -0.9218	 1.0000	 0.7733	 8.5367
#472	 25.0939	 0.2601	 1.0000	 -1.0951	 1.0000	 0.7577	 8.6123
#473	 23.5803	 0.2622	 1.0000	 -1.0934	 1.0000	 0.8100	 8.4705
#474	 19.9170	 0.2196	 1.0000	 -1.0860	 1.0000	 0.7511	 8.4778
#475	 14.2781	 0.3752	 1.0000	 -1.2146	 1.0000	 0.7930	 8.4725
#476	 30.9903	 0.1626	 1.0000	 -1.0559	 1.0000	 0.7482	 8.5784
#477	 12.0487	 0.4751	 1.0000	 -1.3284	 1.0000	 0.8091	 8.3583
#478	 43.4811	 -0.0257	 1.0000	 -0.8110	 1.0000	 0.7919	 8.5326
#479	 4.9505	 0.5695	 1.0000	 -1.4461	 1.0000	 0.7840	 8.4942
#480	 20.3592	 0.2592	 1.0000	 -1.1339	 1.0000	 0.8207	 8.3254
#481	 19.9619	 0.3864	 1.0000	 -1.2222	 1.0000	 0.7561	 8.5510
#482	 30.8308	 0.0836	 1.0000	 -0.9084	 1.0000	 0.7966	 8.5208
#483	 31.5969	 0.0937	 1.0000	 -0.9164	 1.0000	 0.7772	 8.5134
#484	 34.1566	 -0.0030	 1.0000	 -0.8305	 1.0000	 0.7518	 8.6179
#485	 31.0233	 0.0775	 1.0000	 -0.8977	 1.0000	 0.8126	 8.4336
#486	 19.6937	 0.4473	 1.0000	 -1.2981	 1.0000	 0.8021	 8.4380
#487	 38.0375	 -0.1187	 1.0000	 -0.6792	 1.0000	 0.8321	 8.3984
#488	 -3.9014	 0.5852	 1.0000	 -1.4536	 1.0000	 0.8192	 8.4096
#489	 30.3738	 0.2420	 1.0000	 -1.0764	 1.0000	 0.7660	 8.5423
#490	 27.8131	 0.2165	 1.0000	 -1.0400	 1.0000	 0.8347	 8.4462
#491	 18.3064	 0.3588	 1.0000	 -1.2106	 1.0000	 0.7747	 8.5911
#492	 38.6895	 0.1007	 1.0000	 -1.0471	 1.0000	 0.7841	 8.4140
#493	 22.5938	 0.4036	 1.0000	 -1.2767	 1.0000	 0.8130	 8.4605
#494	 58.0415	 -0.2953	 1.0000	 -0.5065	 1.0000	 0.7552	 8.5599
#495	 24.8007	 0.2583	 1.0000	 -1.0812	 1.0000	 0.7893	 8.4370
#496	 20.2370	 0.3507	 1.0000	 -1.2107	 1.0000	 0.7974	 8.4662
#497	 30.4684	 -0.1935	 1.0000	 -0.6658	 1.0000	 0.7845	 8.5294
#498	 33.3558	 0.1855	 1.0000	 -1.0147	 1.0000	 0.7639	 8.6035
#499	 32.2021	 0.0979	 1.0000	 -0.9520	 1.0000	 0.8037	 8.4093
#500	 37.7636	 0.0032	 1.0000	 -0.8527	 1.0000	 0.7406	 8.6148
#501	 26.7927	 0.2703	 1.0000	 -1.1015	 1.0000	 0.7933	 8.4354
#502	 11.4592	 0.5685	 1.0000	 -1.4259	 1.0000	 0.7923	 8.4472
#503	 25.0316	 0.2216	 1.0000	 -1.1102	 1.0000	 0.7614	 8.5628
#504	 25.4870	 0.2757	 1.0000	 -1.1521	 1.0000	 0.7802	 8.5222
#505	 37.8587	 0.0581	 1.0000	 -0.9198	 1.0000	 0.7274	 8.6164
#506	 4.2931	 0.4817	 1.0000	 -1.3776	 1.0000	 0.7566	 8.5159
#507	 11.7898	 0.5026	 1.0000	 -1.4061	 1.0000	 0.7676	 8.5629
#508	 20.2398	 0.2575	 1.0000	 -1.0952	 1.0000	 0.7771	 8.5398
#509	 24.8611	 0.2244	 1.0000	 -1.0632	 1.0000	 0.7224	 8.6262
#510	 28.9361	 0.1807	 1.0000	 -1.0367	 1.0000	 0.7522	 8.6138
#511	 23.2665	 0.2113	 1.0000	 -1.1036	 1.0000	 0.6995	 8.6208
#512	 21.1377	 0.3514	 1.0000	 -1.2514	 1.0000	 0.7449	 8.6256
#513	 29.2391	 0.0303	 1.0000	 -0.8844	 1.0000	 0.7817	 8.4786
#514	 23.2386	 0.2823	 1.0000	 -1.1266	 1.0000	 0.8022	 8.4462
#515	 41.4057	 -0.0190	 1.0000	 -0.8094	 1.0000	 0.7780	 8.5773
#516	 34.1846	 0.2029	 1.0000	 -1.0465	 1.0000	 0.7489	 8.5783
#517	 37.3952	 0.0272	 1.0000	 -0.8512	 1.0000	 0.7588	 8.6277
#518	 4.2278	 0.5585	 1.0000	 -1.4191	 1.0000	 0.8154	 8.4008
#519	 41.2801	 0.0020	 1.0000	 -0.8431	 1.0000	 0.8098	 8.4245
#520	 16.7336	 0.2973	 1.0000	 -1.1885	 1.0000	 0.7974	 8.4830
#521	 19.7045	 0.3636	 1.0000	 -1.2291	 1.0000	 0.8119	 8.4034
#522	 43.4454	 -0.1570	 1.0000	 -0.6977	 1.0000	 0.8079	 8.5147
#523	 18.4255	 0.2623	 1.0000	 -1.0883	 1.0000	 0.8290	 8.4702
#524	 25.6313	 0.2985	 1.0000	 -1.1283	 1.0000	 0.7855	 8.5243
#525	 15.2981	 0.3840	 1.0000	 -1.1994	 1.0000	 0.8218	 8.3996
#526	 18.8778	 0.4011	 1.0000	 -1.2430	 1.0000	 0.7730	 8.5778
#527	 30.8483	 0.1092	 1.0000	 -0.9480	 1.0000	 0.7809	 8.5868
#528	 15.0370	 0.4667	 1.0000	 -1.3072	 1.0000	 0.7795	 8.5261
#529	 43.4745	 0.0470	 1.0000	 -0.8749	 1.0000	 0.7697	 8.5292
#530	 20.0350	 0.2526	 1.0000	 -1.0933	 1.0000	 0.7814	 8.3844
#531	 26.8115	 -0.0490	 1.0000	 -0.8280	 1.0000	 0.8083	 8.4542
#532	 22.8094	 0.3318	 1.0000	 -1.2056	 1.0000	 0.7447	 8.6572
#533	 27.1366	 0.1907	 1.0000	 -1.0125	 1.0000	 0.8011	 8.3934
#534	 34.0147	 0.2878	 1.0000	 -1.1323	 1.0000	 0.7753	 8.5880
#535	 3.6318	 0.4152	 1.0000	 -1.2756	 1.0000	 0.7933	 8.4163
#536	 8.6422	 0.3746	 1.0000	 -1.2597	 1.0000	 0.7979	 8.4208
#537	 17.4506	 0.3922	 1.0000	 -1.2525	 1.0000	 0.8106	 8.3930
#538	 22.6162	 0.2869	 1.0000	 -1.1856	 1.0000	 0.7984	 8.4828
#539	 21.7089	 0.1949	 1.0000	 -1.0331	 1.0000	 0.7661	 8.5138
#540	 27.7674	 0.2869	 1.0000	 -1.1431	 1.0000	 0.7507	 8.5685
#541	 17.7454	 0.0146	 1.0000	 -0.8537	 1.0000	 0.8053	 8.3357
#542	 70.3420	 -0.2587	 1.0000	 -0.5485	 1.0000	 0.7865	 8.4536
#543	 13.4018	 0.3520	 1.0000	 -1.2713	 1.0000	 0.7793	 8.4680
#544	 12.6184	 0.4456	 1.0000	 -1.2967	 1.0000	 0.7780	 8.5328
#545	 2.6725	 0.3603	 1.0000	 -1.2980	 1.0000	 0.7845	 8.3639
#546	 8.5077	 0.4671	 1.0000	 -1.3525	 1.0000	 0.7826	 8.4292
#547	 16.6485	 0.2755	 1.0000	 -1.1476	 1.0000	 0.7875	 8.5255
#548	 -10.7440	 0.6812	 1.0000	 -1.5763	 1.0000	 0.8044	 8.3713
#549	 15.3972	 0.4036	 1.0000	 -1.2806	 1.0000	 0.7693	 8.5375
#550	 38.7291	 0.0523	 1.0000	 -0.8802	 1.0000	 0.8151	 8.4679
#551	 24.3282	 0.1507	 1.0000	 -1.0562	 1.0000	 0.8028	 8.4235
#552	 16.1891	 0.1681	 1.0000	 -1.0000	 1.0000	 0.8414	 8.4017
#553	 31.5538	 0.0866	 1.0000	 -0.9195	 1.0000	 0.7952	 8.5307
#554	 34.4453	 -0.0172	 1.0000	 -0.8332	 1.0000	 0.7724	 8.4871
#555	 23.0815	 0.2495	 1.0000	 -1.1062	 1.0000	 0.7215	 8.6339
#556	 20.1103	 0.3368	 1.0000	 -1.1712	 1.0000	 0.7705	 8.4846
#557	 18.4221	 0.4132	 1.0000	 -1.2550	 1.0000	 0.7505	 8.5747
#558	 12.3702	 0.5198	 1.0000	 -1.3570	 1.0000	 0.7727	 8.5187
#559	 26.8691	 0.2229	 1.0000	 -1.0802	 1.0000	 0.7923	 8.4633
#560	 2.0356	 0.6263	 1.0000	 -1.4839	 1.0000	 0.7835	 8.4230
#561	 34.6479	 -0.0341	 1.0000	 -0.8063	 1.0000	 0.7555	 8.6309
#562	 37.3322	 -0.0007	 1.0000	 -0.8347	 1.0000	 0.7511	 8.5950
#563	 13.0769	 0.4652	 1.0000	 -1.3211	 1.0000	 0.7950	 8.4181
#564	 35.1588	 0.0349	 1.0000	 -0.8687	 1.0000	 0.7614	 8.5859
#565	 15.0385	 0.4433	 1.0000	 -1.3309	 1.0000	 0.7699	 8.5725
#566	 17.2376	 0.2569	 1.0000	 -1.1021	 1.0000	 0.8165	 8.3121
#567	 -5.6127	 0.5167	 1.0000	 -1.3764	 1.0000	 0.8282	 8.3328
#568	 26.4724	 0.2509	 1.0000	 -1.1044	 1.0000	 0.8031	 8.4656
#569	 4.8021	 0.7091	 1.0000	 -1.5781	 1.0000	 0.8108	 8.4325
#570	 30.8642	 0.1634	 1.0000	 -1.0224	 1.0000	 0.7460	 8.6132
#571	 45.5104	 0.0443	 1.0000	 -0.8550	 1.0000	 0.8058	 8.4346
#572	 23.7395	 0.2613	 1.0000	 -1.1209	 1.0000	 0.8105	 8.3912
#573	 19.0667	 0.2604	 1.0000	 -1.1072	 1.0000	 0.7983	 8.4030
#574	 4.1011	 0.5479	 1.0000	 -1.4576	 1.0000	 0.7655	 8.5810
#575	 18.2632	 0.5203	 1.0000	 -1.3821	 1.0000	 0.7983	 8.4752
#576	 12.2308	 0.3887	 1.0000	 -1.2128	 1.0000	 0.7784	 8.5026
#577	 20.5916	 0.2825	 1.0000	 -1.1556	 1.0000	 0.7757	 8.6326
#578	 18.5713	 0.3297	 1.0000	 -1.1840	 1.0000	 0.7862	 8.4725
#579	 47.7075	 -0.3110	 1.0000	 -0.5231	 1.0000	 0.7975	 8.5116
#580	 33.6233	 0.0337	 1.0000	 -0.8649	 1.0000	 0.7603	 8.6365
#581	 16.3172	 0.4378	 1.0000	 -1.2644	 1.0000	 0.7975	 8.4132
#582	 20.6222	 0.1779	 1.0000	 -1.0199	 1.0000	 0.7937	 8.5168
#583	 35.0444	 -0.0362	 1.0000	 -0.8017	 1.0000	 0.7624	 8.5496
#584	 27.3272	 0.1718	 1.0000	 -0.9797	 1.0000	 0.7770	 8.5229
#585	 21.9233	 0.4857	 1.0000	 -1.3265	 1.0000	 0.7581	 8.6944
#586	 4.3803	 0.5730	 1.0000	 -1.4585	 1.0000	 0.7781	 8.5163
#587	 29.4236	 -0.0511	 1.0000	 -0.7763	 1.0000	 0.8211	 8.3717
#588	 36.8134	 0.0475	 1.0000	 -0.8795	 1.0000	 0.7690	 8.5479
#589	 32.6285	 0.2411	 1.0000	 -1.0888	 1.0000	 0.7708	 8.6163
#590	 22.1247	 0.3557	 1.0000	 -1.2359	 1.0000	 0.7910	 8.4986
#591	 37.3287	 0.1131	 1.0000	 -0.9435	 1.0000	 0.7674	 8.5654
#592	 25.0550	 0.2706	 1.0000	 -1.1584	 1.0000	 0.7437	 8.6299
#593	 52.0757	 -0.2089	 1.0000	 -0.6281	 1.0000	 0.7960	 8.5175
#594	 20.3019	 0.2226	 1.0000	 -1.0731	 1.0000	 0.7853	 8.5222
#595	 13.0674	 0.5211	 1.0000	 -1.3839	 1.0000	 0.7672	 8.4779
#596	 19.0347	 0.2063	 1.0000	 -1.0508	 1.0000	 0.8097	 8.4380
#597	 22.9369	 0.3380	 1.0000	 -1.1938	 1.0000	 0.7912	 8.4780
#598	 33.6752	 0.0595	 1.0000	 -0.8625	 1.0000	 0.8007	 8.4822
#599	 17.3335	 0.2667	 1.0000	 -1.0801	 1.0000	 0.8095	 8.4393
#600	 40.6802	 -0.2101	 1.0000	 -0.6338	 1.0000	 0.7852	 8.4781
#601	 16.8345	 0.1665	 1.0000	 -1.0563	 1.0000	 0.7941	 8.4656
#602	 28.9232	 0.0162	 1.0000	 -0.8661	 1.0000	 0.7907	 8.5029
#603	 39.0635	 -0.0291	 1.0000	 -0.7737	 1.0000	 0.7766	 8.5747
#604	 62.3789	 -0.4664	 1.0000	 -0.3717	 1.0000	 0.8042	 8.4736
#605	 51.6675	 -0.0695	 1.0000	 -0.7384	 1.0000	 0.7916	 8.4792
#606	 35.1333	 0.0650	 1.0000	 -0.8906	 1.0000	 0.8069	 8.5643
#607	 32.1474	 0.1477	 1.0000	 -0.9852	 1.0000	 0.7661	 8.5980
#608	 27.9210	 0.1676	 1.0000	 -1.0107	 1.0000	 0.7663	 8.5612
#609	 48.7233	 -0.3305	 1.0000	 -0.4806	 1.0000	 0.8044	 8.4701
#610	 20.6513	 0.3613	 1.0000	 -1.2056	 1.0000	 0.7995	 8.4582
#611	 25.8142	 0.2883	 1.0000	 -1.1540	 1.0000	 0.7357	 8.4942
#612	 15.2234	 0.4266	 1.0000	 -1.3062	 1.0000	 0.7655	 8.5634
#613	 12.7137	 0.3382	 1.0000	 -1.1760	 1.0000	 0.7936	 8.4223
#614	 6.4907	 0.4505	 1.0000	 -1.3206	 1.0000	 0.7694	 8.5463
#615	 16.1863	 0.3027	 1.0000	 -1.1594	 1.0000	 0.8029	 8.5235
#616	 12.1759	 0.4111	 1.0000	 -1.2541	 1.0000	 0.8094	 8.4999
#617	 38.2911	 -0.1972	 1.0000	 -0.6178	 1.0000	 0.8028	 8.4267
#618	 29.1851	 0.3225	 1.0000	 -1.1738	 1.0000	 0.8013	 8.4273
#619	 9.0663	 0.4188	 1.0000	 -1.2928	 1.0000	 0.7561	 8.5554
#620	 6.4849	 0.5657	 1.0000	 -1.4503	 1.0000	 0.7817	 8.5450
#621	 42.9860	 0.0540	 1.0000	 -0.9031	 1.0000	 0.7833	 8.4730
#622	 63.9236	 -0.3495	 1.0000	 -0.4597	 1.0000	 0.8144	 8.3968
#623	 35.5726	 -0.0712	 1.0000	 -0.7957	 1.0000	 0.8024	 8.5838
#624	 53.7748	 -0.2108	 1.0000	 -0.6082	 1.0000	 0.8063	 8.4541
#625	 17.9032	 0.1667	 1.0000	 -1.0519	 1.0000	 0.8173	 8.4136
#626	 4.4812	 0.6147	 1.0000	 -1.4611	 1.0000	 0.7885	 8.5033
#627	 2.4374	 0.6726	 1.0000	 -1.5129	 1.0000	 0.8275	 8.4410
#628	 13.7299	 0.4010	 1.0000	 -1.2609	 1.0000	 0.7987	 8.4305
#629	 24.7003	 0.3154	 1.0000	 -1.1515	 1.0000	 0.7759	 8.4386
#630	 47.4145	 -0.2225	 1.0000	 -0.6436	 1.0000	 0.8102	 8.3944
#631	 20.2638	 0.4228	 1.0000	 -1.2462	 1.0000	 0.7781	 8.4913
#632	 12.2244	 0.3666	 1.0000	 -1.2527	 1.0000	 0.7640	 8.5064
#633	 21.9913	 0.2145	 1.0000	 -1.0724	 1.0000	 0.7878	 8.5431
#634	 30.4056	 0.1735	 1.0000	 -0.9875	 1.0000	 0.7872	 8.5291
#635	 16.2681	 0.3914	 1.0000	 -1.2289	 1.0000	 0.7830	 8.5856
#636	 14.5517	 0.5488	 1.0000	 -1.3706	 1.0000	 0.7648	 8.5758
#637	 -1.4712	 0.4659	 1.0000	 -1.3082	 1.0000	 0.8018	 8.3806
#638	 18.7591	 0.4147	 1.0000	 -1.2438	 1.0000	 0.7850	 8.4753
#639	 8.8551	 0.6213	 1.0000	 -1.4700	 1.0000	 0.7895	 8.5003
#640	 22.7896	 0.2588	 1.0000	 -1.0947	 1.0000	 0.8134	 8.3986
#641	 22.8515	 0.2823	 1.0000	 -1.1641	 1.0000	 0.7283	 8.5920
#642	 24.7479	 0.2933	 1.0000	 -1.1712	 1.0000	 0.7784	 8.4903
#643	 13.3280	 0.4081	 1.0000	 -1.3003	 1.0000	 0.7977	 8.4389
#644	 21.4630	 0.2962	 1.0000	 -1.1297	 1.0000	 0.7892	 8.5434
#645	 57.1654	 -0.0573	 1.0000	 -0.7601	 1.0000	 0.7968	 8.4119
#646	 33.5346	 0.1724	 1.0000	 -1.0165	 1.0000	 0.7414	 8.5844
#647	 3.3244	 0.5692	 1.0000	 -1.4335	 1.0000	 0.7681	 8.4757
#648	 36.9550	 0.1506	 1.0000	 -0.9766	 1.0000	 0.7820	 8.5343
#649	 36.2955	 0.0204	 1.0000	 -0.8818	 1.0000	 0.8191	 8.3911
#650	 19.5823	 0.4135	 1.0000	 -1.2497	 1.0000	 0.8011	 8.4629
#651	 70.9268	 -0.4048	 1.0000	 -0.3633	 1.0000	 0.8002	 8.4307
#652	 19.6205	 0.2467	 1.0000	 -1.0956	 1.0000	 0.7929	 8.4853
#653	 31.6977	 -0.0040	 1.0000	 -0.8515	 1.0000	 0.7997	 8.4187
#654	 15.9786	 0.3212	 1.0000	 -1.1579	 1.0000	 0.8053	 8.4917
#655	 46.8973	 -0.2668	 1.0000	 -0.5397	 1.0000	 0.7756	 8.5779
#656	 38.6719	 0.1470	 1.0000	 -0.9847	 1.0000	 0.8203	 8.4983
#657	 29.2018	 0.0784	 1.0000	 -0.9355	 1.0000	 0.7729	 8.5826
#658	 67.1024	 -0.4812	 1.0000	 -0.3557	 1.0000	 0.8246	 8.3287
#659	 25.2312	 -0.0380	 1.0000	 -0.8026	 1.0000	 0.7611	 8.5543
#660	 46.5216	 0.1200	 1.0000	 -0.9338	 1.0000	 0.7689	 8.4808
#661	 33.3416	 -0.0463	 1.0000	 -0.8257	 1.0000	 0.7913	 8.5053
#662	 30.2400	 0.0433	 1.0000	 -0.8506	 1.0000	 0.8031	 8.4639
#663	 40.6007	 0.0985	 1.0000	 -0.9339	 1.0000	 0.7964	 8.3805
#664	 16.6598	 0.3569	 1.0000	 -1.1943	 1.0000	 0.8067	 8.4005
#665	 45.6164	 -0.0653	 1.0000	 -0.7738	 1.0000	 0.7879	 8.5603
#666	 -7.3721	 0.6221	 1.0000	 -1.4853	 1.0000	 0.8350	 8.3436
#667	 17.8372	 0.2916	 1.0000	 -1.1662	 1.0000	 0.8007	 8.4502
#668	 0.8360	 0.6739	 1.0000	 -1.5756	 1.0000	 0.7835	 8.4760
#669	 28.5398	 0.2714	 1.0000	 -1.1482	 1.0000	 0.7793	 8.5382
#670	 16.1862	 0.3765	 1.0000	 -1.2434	 1.0000	 0.7910	 8.5500
#671	 7.7882	 0.3263	 1.0000	 -1.1768	 1.0000	 0.8321	 8.3555
#672	 42.8193	 -0.0589	 1.0000	 -0.7624	 1.0000	 0.8026	 8.4480
#673	 2.5972	 0.7910	 1.0000	 -1.6686	 1.0000	 0.7920	 8.5586
#674	 30.1440	 0.2158	 1.0000	 -1.0481	 1.0000	 0.7348	 8.6349
#675	 3.4397	 0.7289	 1.0000	 -1.5779	 1.0000	 0.7727	 8.5077
#676	 38.0831	 -0.1535	 1.0000	 -0.6763	 1.0000	 0.7328	 8.6116
#677	 16.9668	 0.3991	 1.0000	 -1.2717	 1.0000	 0.8277	 8.4488
#678	 19.7750	 0.1904	 1.0000	 -1.0462	 1.0000	 0.8029	 8.5067
#679	 18.2724	 0.3013	 1.0000	 -1.1534	 1.0000	 0.7960	 8.4527
#680	 12.6980	 0.3819	 1.0000	 -1.2462	 1.0000	 0.7878	 8.4777
#681	 24.2007	 0.3174	 1.0000	 -1.1489	 1.0000	 0.7878	 8.4841
#682	 34.0695	 -0.0466	 1.0000	 -0.7635	 1.0000	 0.7886	 8.4897
#683	 10.4033	 0.4158	 1.0000	 -1.2848	 1.0000	 0.7940	 8.4455
#684	 27.1192	 0.2493	 1.0000	 -1.0718	 1.0000	 0.8145	 8.4299
#685	 20.2799	 0.3947	 1.0000	 -1.2682	 1.0000	 0.8006	 8.4559
#686	 19.3773	 0.4615	 1.0000	 -1.2892	 1.0000	 0.7787	 8.5740
#687	 17.0959	 0.4255	 1.0000	 -1.2489	 1.0000	 0.8038	 8.4008
#688	 14.6941	 0.3845	 1.0000	 -1.2324	 1.0000	 0.7777	 8.4798
#689	 21.1037	 0.2718	 1.0000	 -1.1382	 1.0000	 0.7667	 8.5751
#690	 -6.6932	 0.9139	 1.0000	 -1.7875	 1.0000	 0.7642	 8.5682
#691	 38.0715	 0.0873	 1.0000	 -0.9175	 1.0000	 0.7556	 8.5725
#692	 33.0195	 0.1705	 1.0000	 -1.0024	 1.0000	 0.7889	 8.4615
#693	 28.2146	 0.2152	 1.0000	 -1.0652	 1.0000	 0.7799	 8.4624
#694	 22.0493	 0.2585	 1.0000	 -1.1126	 1.0000	 0.7828	 8.5116
#695	 38.4459	 0.2345	 1.0000	 -1.0812	 1.0000	 0.7672	 8.5308
#696	 44.1865	 -0.0343	 1.0000	 -0.7764	 1.0000	 0.7979	 8.4480
#697	 11.5939	 0.2811	 1.0000	 -1.1234	 1.0000	 0.7963	 8.4745
#698	 6.6663	 0.5312	 1.0000	 -1.3979	 1.0000	 0.8060	 8.3726
#699	 20.7755	 0.4784	 1.0000	 -1.3032	 1.0000	 0.8189	 8.4651
#700	 21.0382	 0.4188	 1.0000	 -1.2298	 1.0000	 0.7689	 8.5204
#701	 25.7931	 0.3813	 1.0000	 -1.2253	 1.0000	 0.8012	 8.4377
#702	 15.1795	 0.4042	 1.0000	 -1.2415	 1.0000	 0.8001	 8.4821
#703	 4.0805	 0.5989	 1.0000	 -1.4593	 1.0000	 0.8051	 8.3324
#704	 14.4144	 0.4149	 1.0000	 -1.2990	 1.0000	 0.7142	 8.6492
#705	 18.9075	 0.3992	 1.0000	 -1.2536	 1.0000	 0.7438	 8.5463
#706	 39.2374	 0.0722	 1.0000	 -0.8887	 1.0000	 0.7516	 8.5718
#707	 15.0301	 0.4617	 1.0000	 -1.3050	 1.0000	 0.7908	 8.5778
#708	 17.1607	 0.3427	 1.0000	 -1.1608	 1.0000	 0.7707	 8.4865
#709	 5.6277	 0.5679	 1.0000	 -1.4312	 1.0000	 0.8318	 8.3906
#710	 -8.5275	 0.8711	 1.0000	 -1.7157	 1.0000	 0.8213	 8.3870
#711	 24.9595	 0.2553	 1.0000	 -1.0678	 1.0000	 0.8098	 8.4808
#712	 9.1928	 0.4889	 1.0000	 -1.3917	 1.0000	 0.7330	 8.6726
#713	 15.3604	 0.4056	 1.0000	 -1.2403	 1.0000	 0.8194	 8.4518
#714	 11.7512	 0.5197	 1.0000	 -1.3635	 1.0000	 0.7527	 8.5945
#715	 19.2043	 0.2744	 1.0000	 -1.1784	 1.0000	 0.7697	 8.5880
#716	 18.8578	 0.1920	 1.0000	 -1.0205	 1.0000	 0.8249	 8.3797
#717	 21.1216	 0.3388	 1.0000	 -1.1799	 1.0000	 0.8065	 8.5191
#718	 34.7472	 0.1000	 1.0000	 -0.9533	 1.0000	 0.8415	 8.2822
#719	 2.3929	 0.8063	 1.0000	 -1.6401	 1.0000	 0.7783	 8.5119
#720	 42.0345	 0.0119	 1.0000	 -0.8598	 1.0000	 0.8033	 8.5342
#721	 -6.8453	 0.6410	 1.0000	 -1.5415	 1.0000	 0.7760	 8.4617
#722	 24.7974	 0.1654	 1.0000	 -1.0167	 1.0000	 0.7983	 8.4853
#723	 14.1161	 0.4330	 1.0000	 -1.2749	 1.0000	 0.7788	 8.4965
#724	 22.2018	 0.3102	 1.0000	 -1.1401	 1.0000	 0.7898	 8.5268
#725	 32.1604	 0.1687	 1.0000	 -0.9850	 1.0000	 0.7523	 8.5567
#726	 27.3474	 0.2680	 1.0000	 -1.1277	 1.0000	 0.7580	 8.6335
#727	 19.1511	 0.2635	 1.0000	 -1.1119	 1.0000	 0.7841	 8.5142
#728	 29.6246	 0.3382	 1.0000	 -1.1811	 1.0000	 0.7873	 8.5679
#729	 23.8274	 0.2716	 1.0000	 -1.1687	 1.0000	 0.7216	 8.6123
#730	 19.0076	 0.2582	 1.0000	 -1.1209	 1.0000	 0.7909	 8.5344
#731	 39.3073	 -0.1668	 1.0000	 -0.6874	 1.0000	 0.7749	 8.5612
#732	 17.0879	 0.4525	 1.0000	 -1.3138	 1.0000	 0.7797	 8.5377
#733	 6.9177	 0.6411	 1.0000	 -1.5140	 1.0000	 0.8096	 8.4460
#734	 45.2387	 -0.2739	 1.0000	 -0.5391	 1.0000	 0.8230	 8.4023
#735	 1.8933	 0.5508	 1.0000	 -1.4147	 1.0000	 0.7975	 8.4594
#736	 15.9548	 0.3376	 1.0000	 -1.2005	 1.0000	 0.8255	 8.3767
#737	 23.5023	 0.2213	 1.0000	 -1.1037	 1.0000	 0.7328	 8.5943
#738	 28.4445	 0.2981	 1.0000	 -1.1382	 1.0000	 0.7657	 8.5516
#739	 17.5674	 0.4130	 1.0000	 -1.2396	 1.0000	 0.7705	 8.6068
#740	 34.7933	 0.1335	 1.0000	 -0.9744	 1.0000	 0.7440	 8.5596
#741	 7.2850	 0.3955	 1.0000	 -1.2693	 1.0000	 0.7980	 8.4213
#742	 14.7766	 0.4878	 1.0000	 -1.3580	 1.0000	 0.7641	 8.5699
#743	 18.1163	 0.3317	 1.0000	 -1.2183	 1.0000	 0.8126	 8.4942
#744	 20.5959	 0.2728	 1.0000	 -1.1440	 1.0000	 0.7578	 8.5321
#745	 34.8986	 0.1158	 1.0000	 -0.9645	 1.0000	 0.7992	 8.5249
#746	 0.2031	 0.8396	 1.0000	 -1.7104	 1.0000	 0.7861	 8.4839
#747	 16.7101	 0.4605	 1.0000	 -1.3387	 1.0000	 0.7782	 8.6425
#748	 -5.9283	 0.7651	 1.0000	 -1.6168	 1.0000	 0.8092	 8.3863
#749	 41.4044	 -0.2046	 1.0000	 -0.6327	 1.0000	 0.7749	 8.5712
#750	 26.7809	 0.2263	 1.0000	 -1.0570	 1.0000	 0.7871	 8.5119
#751	 36.5645	 0.1369	 1.0000	 -0.9424	 1.0000	 0.7797	 8.5158
#752	 43.2202	 -0.0239	 1.0000	 -0.8170	 1.0000	 0.8116	 8.5202
#753	 21.9458	 0.3126	 1.0000	 -1.1517	 1.0000	 0.7733	 8.5343
#754	 48.4912	 -0.1798	 1.0000	 -0.6246	 1.0000	 0.7829	 8.4723
#755	 25.9339	 0.3282	 1.0000	 -1.1578	 1.0000	 0.7725	 8.5677
#756	 28.0545	 0.3183	 1.0000	 -1.1521	 1.0000	 0.8008	 8.4654
#757	 42.0113	 -0.0370	 1.0000	 -0.7904	 1.0000	 0.7837	 8.5136
#758	 20.6882	 0.2401	 1.0000	 -1.0902	 1.0000	 0.7997	 8.3854
#759	 8.8633	 0.5547	 1.0000	 -1.4552	 1.0000	 0.7786	 8.5611
#760	 6.5831	 0.4784	 1.0000	 -1.3264	 1.0000	 0.8051	 8.4924
#761	 39.4333	 -0.1235	 1.0000	 -0.7029	 1.0000	 0.7844	 8.5486
#762	 23.8229	 0.4326	 1.0000	 -1.2638	 1.0000	 0.7878	 8.3895
#763	 31.2622	 0.0808	 1.0000	 -0.9156	 1.0000	 0.7105	 8.6524
#764	 8.0518	 0.4737	 1.0000	 -1.3061	 1.0000	 0.8196	 8.4592
#765	 23.9244	 0.2242	 1.0000	 -1.0934	 1.0000	 0.7796	 8.5463
#766	 37.4018	 -0.1001	 1.0000	 -0.7244	 1.0000	 0.8297	 8.3832
#767	 26.1895	 0.2560	 1.0000	 -1.1176	 1.0000	 0.7474	 8.6394
#768	 3.7278	 0.5452	 1.0000	 -1.4407	 1.0000	 0.7711	 8.5308
#769	 8.4862	 0.4601	 1.0000	 -1.2930	 1.0000	 0.7995	 8.3784
#770	 9.5980	 0.4388	 1.0000	 -1.2763	 1.0000	 0.7610	 8.4563
#771	 28.8379	 0.1712	 1.0000	 -1.0666	 1.0000	 0.7917	 8.4554
#772	 43.4811	 -0.0257	 1.0000	 -0.8110	 1.0000	 0.7919	 8.5326
#773	 9.6493	 0.4486	 1.0000	 -1.2938	 1.0000	 0.8304	 8.3026
#774	 22.7869	 0.3382	 1.0000	 -1.2155	 1.0000	 0.7310	 8.6078
#775	 27.2762	 0.2799	 1.0000	 -1.1273	 1.0000	 0.7633	 8.4376
#776	 35.1160	 0.1253	 1.0000	 -0.9559	 1.0000	 0.8176	 8.3751
#777	 31.1709	 0.2117	 1.0000	 -1.0704	 1.0000	 0.8022	 8.4420
#778	 29.9660	 0.1021	 1.0000	 -0.9353	 1.0000	 0.7534	 8.6157
#779	 65.0513	 -0.3161	 1.0000	 -0.5362	 1.0000	 0.7912	 8.4984
#780	 31.5634	 0.0770	 1.0000	 -0.8912	 1.0000	 0.8060	 8.4298
#781	 8.9005	 0.5359	 1.0000	 -1.4253	 1.0000	 0.8174	 8.4209
#782	 24.4136	 0.2299	 1.0000	 -1.0747	 1.0000	 0.7769	 8.5785
#783	 34.5732	 0.1089	 1.0000	 -0.9395	 1.0000	 0.8020	 8.4588
#784	 24.7349	 0.2831	 1.0000	 -1.1415	 1.0000	 0.8024	 8.3718
#785	 24.4556	 0.3621	 1.0000	 -1.2167	 1.0000	 0.7810	 8.4843
#786	 34.2046	 0.0834	 1.0000	 -0.9492	 1.0000	 0.8106	 8.5226
#787	 32.2024	 0.0219	 1.0000	 -0.8870	 1.0000	 0.7275	 8.6950
#788	 43.5372	 -0.2082	 1.0000	 -0.6114	 1.0000	 0.7690	 8.5514
#789	 26.0669	 0.2309	 1.0000	 -1.1194	 1.0000	 0.7451	 8.4904
#790	 7.4068	 0.3395	 1.0000	 -1.2415	 1.0000	 0.8115	 8.3605
#791	 -7.6230	 0.6257	 1.0000	 -1.4974	 1.0000	 0.8028	 8.3984
#792	 33.5628	 0.1131	 1.0000	 -0.9739	 1.0000	 0.8023	 8.4947
#793	 18.5972	 0.2852	 1.0000	 -1.1447	 1.0000	 0.7650	 8.5492
#794	 -0.8651	 0.6024	 1.0000	 -1.4560	 1.0000	 0.8009	 8.3851
#795	 21.1661	 0.2833	 1.0000	 -1.1442	 1.0000	 0.7511	 8.6319
#796	 11.8956	 0.5003	 1.0000	 -1.4246	 1.0000	 0.7370	 8.5902
#797	 31.0087	 0.1506	 1.0000	 -0.9728	 1.0000	 0.7356	 8.5753
#798	 33.6646	 0.0520	 1.0000	 -0.8792	 1.0000	 0.7843	 8.6217
#799	 41.4690	 -0.0569	 1.0000	 -0.7371	 1.0000	 0.7966	 8.5730
#800	 21.0915	 0.2421	 1.0000	 -1.0695	 1.0000	 0.7853	 8.5205
#801	 1.8135	 0.5980	 1.0000	 -1.4505	 1.0000	 0.8271	 8.4179
#802	 4.4366	 0.5250	 1.0000	 -1.4076	 1.0000	 0.8086	 8.3601
#803	 15.6394	 0.4328	 1.0000	 -1.2684	 1.0000	 0.7833	 8.4908
#804	 13.9891	 0.4787	 1.0000	 -1.3093	 1.0000	 0.8058	 8.3484
#805	 3.1286	 0.6944	 1.0000	 -1.5795	 1.0000	 0.7706	 8.5825
#806	 15.8242	 0.4675	 1.0000	 -1.3414	 1.0000	 0.7654	 8.5330
#807	 27.9246	 0.1762	 1.0000	 -0.9874	 1.0000	 0.8078	 8.4864
#808	 24.8110	 0.3433	 1.0000	 -1.1822	 1.0000	 0.7610	 8.6244
#809	 19.0847	 0.3203	 1.0000	 -1.1861	 1.0000	 0.7786	 8.4907
#810	 -3.5439	 0.6413	 1.0000	 -1.5092	 1.0000	 0.7958	 8.4023
#811	 6.0622	 0.7004	 1.0000	 -1.5301	 1.0000	 0.8089	 8.5021
#812	 17.6294	 0.2699	 1.0000	 -1.1106	 1.0000	 0.8171	 8.4838
#813	 26.4217	 0.2394	 1.0000	 -1.1079	 1.0000	 0.7901	 8.4954
#814	 13.4863	 0.5744	 1.0000	 -1.3873	 1.0000	 0.8256	 8.4538
#815	 48.4867	 -0.1610	 1.0000	 -0.6476	 1.0000	 0.7654	 8.5362
#816	 17.3262	 0.5115	 1.0000	 -1.3788	 1.0000	 0.7324	 8.6108
#817	 34.6461	 0.0654	 1.0000	 -0.9277	 1.0000	 0.8016	 8.4436
#818	 34.2794	 0.1358	 1.0000	 -0.9824	 1.0000	 0.8124	 8.3912
#819	 38.6579	 0.1647	 1.0000	 -0.9748	 1.0000	 0.8033	 8.5214
#820	 8.4553	 0.4181	 1.0000	 -1.2879	 1.0000	 0.8125	 8.3802
#821	 21.7915	 0.3427	 1.0000	 -1.1962	 1.0000	 0.7538	 8.5458
#822	 24.1703	 0.2857	 1.0000	 -1.1508	 1.0000	 0.7818	 8.5154
#823	 -2.3474	 0.6729	 1.0000	 -1.5601	 1.0000	 0.7919	 8.4852
#824	 47.7872	 0.0093	 1.0000	 -0.8279	 1.0000	 0.7880	 8.4675
#825	 38.7835	 0.0889	 1.0000	 -0.8995	 1.0000	 0.7838	 8.4755
#826	 48.9001	 -0.1563	 1.0000	 -0.6971	 1.0000	 0.8153	 8.4298
#827	 29.0260	 0.2118	 1.0000	 -1.0468	 1.0000	 0.7763	 8.4580
#828	 9.8081	 0.4206	 1.0000	 -1.2780	 1.0000	 0.7995	 8.4945
#829	 25.0939	 0.2601	 1.0000	 -1.0951	 1.0000	 0.7577	 8.6123
#830	 18.5431	 0.5000	 1.0000	 -1.3452	 1.0000	 0.7950	 8.6289
#831	 14.1695	 0.3494	 1.0000	 -1.1956	 1.0000	 0.7928	 8.4212
#832	 28.0597	 0.2243	 1.0000	 -1.0532	 1.0000	 0.8216	 8.3223
#833	 43.7669	 -0.0060	 1.0000	 -0.8060	 1.0000	 0.7817	 8.5747
#834	 14.0282	 0.3423	 1.0000	 -1.2195	 1.0000	 0.7425	 8.5319
#835	 20.7855	 0.1885	 1.0000	 -1.0278	 1.0000	 0.8154	 8.3372
#836	 27.5395	 0.2260	 1.0000	 -1.0636	 1.0000	 0.7737	 8.5832
#837	 12.5572	 0.4280	 1.0000	 -1.2938	 1.0000	 0.7667	 8.5324
#838	 15.0074	 0.3092	 1.0000	 -1.1552	 1.0000	 0.8202	 8.3674
#839	 24.9472	 0.2487	 1.0000	 -1.0848	 1.0000	 0.8217	 8.3849
#840	 29.0553	 0.1953	 1.0000	 -1.0570	 1.0000	 0.7905	 8.4230
#841	 26.7420	 0.1009	 1.0000	 -0.9446	 1.0000	 0.7307	 8.6295
#842	 17.1955	 0.3830	 1.0000	 -1.2679	 1.0000	 0.7476	 8.6255
#843	 16.0491	 0.3927	 1.0000	 -1.2419	 1.0000	 0.7669	 8.4591
#844	 35.4781	 -0.0434	 1.0000	 -0.7956	 1.0000	 0.7327	 8.5942
#845	 36.8710	 0.2015	 1.0000	 -0.9993	 1.0000	 0.7982	 8.4505
#846	 42.7116	 -0.0713	 1.0000	 -0.7544	 1.0000	 0.7878	 8.5432
#847	 14.5518	 0.5290	 1.0000	 -1.3714	 1.0000	 0.7354	 8.5341
#848	 29.4602	 0.1929	 1.0000	 -1.0612	 1.0000	 0.7889	 8.5696
#849	 19.8704	 0.3366	 1.0000	 -1.1765	 1.0000	 0.7108	 8.6460
#850	 12.7340	 0.4318	 1.0000	 -1.3190	 1.0000	 0.7562	 8.6204
#851	 26.1117	 0.2870	 1.0000	 -1.1194	 1.0000	 0.7736	 8.5884
#852	 37.5762	 -0.2482	 1.0000	 -0.5802	 1.0000	 0.8031	 8.4976
#853	 17.5742	 0.3064	 1.0000	 -1.1882	 1.0000	 0.7793	 8.5216
#854	 11.8039	 0.3809	 1.0000	 -1.2378	 1.0000	 0.7766	 8.5511
#855	 22.1217	 0.2101	 1.0000	 -1.0304	 1.0000	 0.7448	 8.6047
#856	 37.0534	 0.0520	 1.0000	 -0.8812	 1.0000	 0.7529	 8.5475
#857	 30.9911	 0.3128	 1.0000	 -1.1532	 1.0000	 0.7521	 8.6501
#858	 44.7208	 -0.0548	 1.0000	 -0.8063	 1.0000	 0.7667	 8.5123
#859	 34.6420	 0.1889	 1.0000	 -1.0489	 1.0000	 0.7709	 8.5416
#860	 36.2015	 -0.1455	 1.0000	 -0.7271	 1.0000	 0.7748	 8.5664
#861	 35.3783	 0.2052	 1.0000	 -1.0739	 1.0000	 0.7607	 8.6160
#862	 19.1539	 0.3642	 1.0000	 -1.2236	 1.0000	 0.7553	 8.5975
#863	 8.9383	 0.4953	 1.0000	 -1.3548	 1.0000	 0.8285	 8.4001
#864	 15.5929	 0.2765	 1.0000	 -1.1298	 1.0000	 0.8034	 8.3762
#865	 10.3762	 0.3272	 1.0000	 -1.1814	 1.0000	 0.8099	 8.3795
#866	 24.9740	 0.3504	 1.0000	 -1.1916	 1.0000	 0.7548	 8.6086
#867	 22.8309	 0.0854	 1.0000	 -0.9646	 1.0000	 0.7714	 8.5598
#868	 27.1146	 0.2218	 1.0000	 -1.0641	 1.0000	 0.8008	 8.4868
#869	 50.4796	 -0.2293	 1.0000	 -0.5774	 1.0000	 0.7943	 8.6130
#870	 20.7106	 0.4421	 1.0000	 -1.2801	 1.0000	 0.7703	 8.5823
#871	 17.3593	 0.4444	 1.0000	 -1.3019	 1.0000	 0.7190	 8.6235
#872	 24.9392	 0.0870	 1.0000	 -0.9167	 1.0000	 0.8169	 8.3778
#873	 34.3364	 0.0736	 1.0000	 -0.9300	 1.0000	 0.8019	 8.4563
#874	 22.2386	 0.2450	 1.0000	 -1.0666	 1.0000	 0.7653	 8.5266
#875	 37.1120	 0.0553	 1.0000	 -0.8678	 1.0000	 0.7970	 8.5008
#876	 31.4400	 0.2783	 1.0000	 -1.1353	 1.0000	 0.7846	 8.5310
#877	 24.9659	 0.1687	 1.0000	 -1.0158	 1.0000	 0.7741	 8.4907
#878	 6.0197	 0.3464	 1.0000	 -1.1952	 1.0000	 0.8145	 8.3564
#879	 30.3363	 0.1284	 1.0000	 -0.9810	 1.0000	 0.7967	 8.4368
#880	 30.7409	 0.2562	 1.0000	 -1.0867	 1.0000	 0.7545	 8.5937
#881	 25.4636	 0.1480	 1.0000	 -1.0015	 1.0000	 0.7729	 8.5160
#882	 24.3583	 0.2540	 1.0000	 -1.0787	 1.0000	 0.7826	 8.4583
#883	 24.8276	 0.2962	 1.0000	 -1.1605	 1.0000	 0.7596	 8.5873
#884	 32.7893	 0.0630	 1.0000	 -0.9011	 1.0000	 0.7387	 8.5852
#885	 27.6096	 0.2070	 1.0000	 -1.0271	 1.0000	 0.8104	 8.4274
#886	 23.7981	 0.0667	 1.0000	 -0.9017	 1.0000	 0.7716	 8.4911
#887	 51.2132	 -0.3055	 1.0000	 -0.5041	 1.0000	 0.7982	 8.4393
#888	 40.0397	 0.0847	 1.0000	 -0.9104	 1.0000	 0.7776	 8.5302
#889	 15.6166	 0.4618	 1.0000	 -1.3354	 1.0000	 0.7850	 8.6095
#890	 -15.5563	 0.8614	 1.0000	 -1.7220	 1.0000	 0.8419	 8.2896
#891	 30.9860	 0.2219	 1.0000	 -1.0434	 1.0000	 0.7914	 8.4744
#892	 19.6898	 0.3592	 1.0000	 -1.2339	 1.0000	 0.7450	 8.5531
#893	 35.7837	 0.1528	 1.0000	 -0.9983	 1.0000	 0.7911	 8.4316
#894	 7.0055	 0.5385	 1.0000	 -1.4092	 1.0000	 0.7939	 8.3849
#895	 24.1522	 0.3623	 1.0000	 -1.2146	 1.0000	 0.7596	 8.5437
#896	 30.1878	 0.1035	 1.0000	 -0.9319	 1.0000	 0.7361	 8.6351
#897	 40.8255	 -0.0786	 1.0000	 -0.7370	 1.0000	 0.7759	 8.5293
#898	 34.9285	 -0.2737	 1.0000	 -0.5705	 1.0000	 0.8315	 8.3253
#899	 21.2876	 0.3207	 1.0000	 -1.1907	 1.0000	 0.7674	 8.4224
#900	 -4.7841	 0.7688	 1.0000	 -1.6671	 1.0000	 0.7511	 8.5562
#901	 29.4049	 0.2202	 1.0000	 -1.1006	 1.0000	 0.8163	 8.4291
#902	 21.5482	 0.2002	 1.0000	 -1.0833	 1.0000	 0.7686	 8.5753
#903	 31.5538	 0.0866	 1.0000	 -0.9195	 1.0000	 0.7952	 8.5307
#904	 19.9461	 0.3812	 1.0000	 -1.2143	 1.0000	 0.7650	 8.6088
#905	 27.8210	 0.1144	 1.0000	 -0.9511	 1.0000	 0.7658	 8.5299
#906	 19.4692	 0.4315	 1.0000	 -1.2701	 1.0000	 0.7516	 8.6670
#907	 10.3769	 0.4696	 1.0000	 -1.3610	 1.0000	 0.7615	 8.5315
#908	 47.6114	 -0.2726	 1.0000	 -0.5485	 1.0000	 0.8070	 8.4740
#909	 53.9507	 -0.1286	 1.0000	 -0.7199	 1.0000	 0.7697	 8.5209
#910	 17.1265	 0.4208	 1.0000	 -1.2884	 1.0000	 0.8035	 8.4135
#911	 36.7188	 -0.0990	 1.0000	 -0.7682	 1.0000	 0.7796	 8.4648
#912	 19.2912	 0.3596	 1.0000	 -1.2086	 1.0000	 0.7626	 8.5409
#913	 11.2629	 0.4585	 1.0000	 -1.3011	 1.0000	 0.7902	 8.5648
#914	 16.1752	 0.3154	 1.0000	 -1.1755	 1.0000	 0.7925	 8.4889
#915	 13.1210	 0.4462	 1.0000	 -1.3072	 1.0000	 0.7867	 8.4839
#916	 10.4916	 0.3882	 1.0000	 -1.2573	 1.0000	 0.8030	 8.3871
#917	 1.0534	 0.5400	 1.0000	 -1.4090	 1.0000	 0.8099	 8.3397
#918	 25.9555	 0.2165	 1.0000	 -1.0950	 1.0000	 0.7456	 8.6833
#919	 27.5984	 0.2480	 1.0000	 -1.1179	 1.0000	 0.7667	 8.5575
#920	 30.4324	 0.0968	 1.0000	 -0.9485	 1.0000	 0.7876	 8.4957
#921	 6.4016	 0.6203	 1.0000	 -1.4494	 1.0000	 0.8071	 8.4648
#922	 11.8423	 0.3552	 1.0000	 -1.2293	 1.0000	 0.7887	 8.4658
#923	 23.5177	 0.1831	 1.0000	 -1.0193	 1.0000	 0.7978	 8.4671
#924	 24.9715	 0.3117	 1.0000	 -1.1776	 1.0000	 0.7180	 8.6697
#925	 31.1426	 -0.0492	 1.0000	 -0.7808	 1.0000	 0.7986	 8.4559
#926	 23.9958	 0.2024	 1.0000	 -1.0225	 1.0000	 0.8094	 8.4506
#927	 32.1983	 0.0920	 1.0000	 -0.9557	 1.0000	 0.7494	 8.6068
#928	 30.8523	 0.0406	 1.0000	 -0.8496	 1.0000	 0.8048	 8.4074
#929	 12.2032	 0.3317	 1.0000	 -1.2102	 1.0000	 0.7953	 8.3180
#930	 34.2916	 -0.1110	 1.0000	 -0.7230	 1.0000	 0.7742	 8.5335
#931	 31.5041	 0.3077	 1.0000	 -1.1613	 1.0000	 0.7887	 8.4329
#932	 27.6947	 0.2792	 1.0000	 -1.1301	 1.0000	 0.7410	 8.6449
#933	 35.0444	 -0.0362	 1.0000	 -0.8017	 1.0000	 0.7624	 8.5496
#934	 32.0132	 0.1664	 1.0000	 -1.0295	 1.0000	 0.7719	 8.5273
#935	 29.0088	 0.1162	 1.0000	 -0.9517	 1.0000	 0.7926	 8.5003
#936	 35.8086	 0.1057	 1.0000	 -0.9723	 1.0000	 0.7873	 8.4755
#937	 30.8121	 0.1501	 1.0000	 -1.0092	 1.0000	 0.7887	 8.3998
#938	 9.4734	 0.4008	 1.0000	 -1.2380	 1.0000	 0.8253	 8.3651
#939	 17.4927	 0.2910	 1.0000	 -1.2023	 1.0000	 0.7800	 8.4712
#940	 46.8973	 -0.2668	 1.0000	 -0.5397	 1.0000	 0.7756	 8.5779
#941	 47.6336	 -0.1007	 1.0000	 -0.7235	 1.0000	 0.8179	 8.4824
#942	 10.3860	 0.4424	 1.0000	 -1.3152	 1.0000	 0.7767	 8.5348
#943	 30.7945	 0.2736	 1.0000	 -1.1183	 1.0000	 0.7468	 8.5399
#944	 55.5770	 -0.3622	 1.0000	 -0.4943	 1.0000	 0.7787	 8.3984
#945	 17.6060	 0.2489	 1.0000	 -1.1405	 1.0000	 0.7940	 8.5245
#946	 28.6960	 0.0619	 1.0000	 -0.9611	 1.0000	 0.7589	 8.5364
#947	 46.9768	 -0.0073	 1.0000	 -0.8286	 1.0000	 0.7910	 8.3666
#948	 22.8114	 0.3148	 1.0000	 -1.1728	 1.0000	 0.8097	 8.4866
#949	 18.9378	 0.2239	 1.0000	 -1.0719	 1.0000	 0.7703	 8.5382
#950	 24.7427	 0.1904	 1.0000	 -1.0264	 1.0000	 0.7636	 8.5280
#951	 5.8553	 0.3251	 1.0000	 -1.1771	 1.0000	 0.8077	 8.3769
#952	 11.0745	 0.4047	 1.0000	 -1.2490	 1.0000	 0.8358	 8.3106
#953	 22.2503	 0.2217	 1.0000	 -1.0442	 1.0000	 0.7670	 8.4906
#954	 36.9990	 -0.0256	 1.0000	 -0.8125	 1.0000	 0.8120	 8.4361
#955	 19.1819	 0.3370	 1.0000	 -1.1812	 1.0000	 0.7640	 8.5547
#956	 40.9275	 -0.0189	 1.0000	 -0.8233	 1.0000	 0.8144	 8.5142
#957	 19.4968	 0.3689	 1.0000	 -1.2036	 1.0000	 0.7694	 8.4816
#958	 24.5804	 0.3282	 1.0000	 -1.1557	 1.0000	 0.7571	 8.6203
#959	 3.0575	 0.6063	 1.0000	 -1.4407	 1.0000	 0.8148	 8.3456
#960	 41.9795	 -0.1444	 1.0000	 -0.7260	 1.0000	 0.7760	 8.5327
#961	 15.1047	 0.3401	 1.0000	 -1.1793	 1.0000	 0.7718	 8.4585
#962	 19.3152	 0.4160	 1.0000	 -1.2757	 1.0000	 0.7397	 8.5025
#963	 -2.4604	 0.9116	 1.0000	 -1.7742	 1.0000	 0.7757	 8.5274
#964	 22.1179	 0.4140	 1.0000	 -1.2509	 1.0000	 0.7617	 8.6493
#965	 14.8266	 0.3309	 1.0000	 -1.2007	 1.0000	 0.8076	 8.4979
#966	 39.6153	 0.2299	 1.0000	 -1.0614	 1.0000	 0.8120	 8.5099
#967	 15.9508	 0.4766	 1.0000	 -1.3126	 1.0000	 0.8109	 8.4511
#968	 31.2407	 0.2637	 1.0000	 -1.0996	 1.0000	 0.7612	 8.6645
#969	 11.1618	 0.3013	 1.0000	 -1.1688	 1.0000	 0.8344	 8.3082
#970	 16.7717	 0.3066	 1.0000	 -1.1772	 1.0000	 0.7693	 8.5509
#971	 46.6272	 0.0016	 1.0000	 -0.7932	 1.0000	 0.7980	 8.5214
#972	 21.9612	 0.3646	 1.0000	 -1.2089	 1.0000	 0.8112	 8.4862
#973	 28.8526	 0.2069	 1.0000	 -1.0450	 1.0000	 0.7808	 8.5774
#974	 40.6697	 -0.1043	 1.0000	 -0.7219	 1.0000	 0.8001	 8.4664
#975	 6.8879	 0.5981	 1.0000	 -1.4497	 1.0000	 0.8318	 8.3761
#976	 16.8741	 0.5057	 1.0000	 -1.3947	 1.0000	 0.7496	 8.6054
#977	 56.2089	 -0.1283	 1.0000	 -0.7056	 1.0000	 0.7614	 8.4589
#978	 18.2432	 0.4988	 1.0000	 -1.3262	 1.0000	 0.7900	 8.4841
#979	 26.2346	 0.1482	 1.0000	 -0.9882	 1.0000	 0.8190	 8.4622
#980	 13.2256	 0.2892	 1.0000	 -1.1361	 1.0000	 0.7913	 8.4702
#981	 19.1479	 0.2770	 1.0000	 -1.1390	 1.0000	 0.7955	 8.4783
#982	 20.4265	 0.1166	 1.0000	 -0.9839	 1.0000	 0.7783	 8.4927
#983	 35.4818	 0.0101	 1.0000	 -0.8273	 1.0000	 0.7954	 8.4489
#984	 8.3642	 0.5628	 1.0000	 -1.4131	 1.0000	 0.8302	 8.4444
#985	 29.2579	 -0.0626	 1.0000	 -0.7992	 1.0000	 0.7944	 8.5402
#986	 32.8460	 0.0495	 1.0000	 -0.8715	 1.0000	 0.7507	 8.5557
#987	 21.0382	 0.4188	 1.0000	 -1.2298	 1.0000	 0.7689	 8.5204
#988	 16.7167	 0.2837	 1.0000	 -1.1165	 1.0000	 0.8100	 8.4093
#989	 44.9064	 -0.3154	 1.0000	 -0.5255	 1.0000	 0.7970	 8.3891
#990	 15.1898	 0.3132	 1.0000	 -1.1761	 1.0000	 0.8055	 8.4015
#991	 25.1384	 0.1126	 1.0000	 -0.9222	 1.0000	 0.8021	 8.4747
#992	 53.3661	 -0.2854	 1.0000	 -0.5262	 1.0000	 0.7783	 8.5076
#993	 24.8885	 0.2758	 1.0000	 -1.1341	 1.0000	 0.7386	 8.5989
#994	 17.7258	 0.2731	 1.0000	 -1.1445	 1.0000	 0.7983	 8.6028
#995	 25.9633	 0.1906	 1.0000	 -1.0377	 1.0000	 0.7877	 8.5013
#996	 8.8826	 0.4591	 1.0000	 -1.3148	 1.0000	 0.7802	 8.5065
#997	 -18.8783	 1.0016	 1.0000	 -1.8819	 1.0000	 0.8443	 8.3740
#998	 13.0760	 0.3695	 1.0000	 -1.2283	 1.0000	 0.7766	 8.4219
#999	 7.7571	 0.4869	 1.0000	 -1.3530	 1.0000	 0.7803	 8.4460
#1000	 38.0888	 -0.0238	 1.0000	 -0.7869	 1.0000	 0.7686	 8.5780

Segments
MEAN:	 23.6796	 0.2590	 1.0000	 -1.1081	 1.0000	 0.7844	 8.4996
SD:	 13.2277	 0.2314	 0.0000	 0.2432	 0.0000	 0.0244	0.0788
Time:	 983.0600	 N:	 1000.0000